18 # bones
root hips
-1
0 0 0
feather 01
0
-0.02471022 0.323026 0.02421052
unused feather1-nub
1
-0.1679586 0.4272237 -0.02054517
feather 02
0
-0.01571904 0.3233466 0.02485099
unused feather2-nub
3
-0.05032023 0.5358903 -0.04767287
feather 03
0
0.01314759 0.3245443 0.02501358
unused feather3-nub
5
0.06829188 0.531343 -0.03242646
feather 04
0
0.03723415 0.3238737 0.02546073
unused feather4-nub
7
0.1552243 0.4447339 -0.04783
head jaw
0
-0.002314858 0.07547355 0.04089492
head lip lower middle
9
-0.001320565 0.1074347 0.05354873
head lip lower left
9
0.04037201 0.1119014 0.04976455
head lip upper right
0
-0.04076102 0.1695471 0.05024558
head lip upper middle
0
-0.0003872748 0.1734244 0.04915915
head eyebrow left
0
0.01420292 0.3143578 0.0449472
head lip upper left
0
0.04231265 0.1693523 0.05024557
head eyebrow right
0
-0.009999629 0.3057336 0.04400246
head lip lower right
9
-0.04370566 0.1136553 0.04976455
5 # meshes
5_Mask_0.1_16_16
1 # uv layers
1 # textures
Mask Texture.bmp
0 # uv layer index
371 # vertices
0.04221721 0.2256897 0.03433012
0.3304354 -1.154051 2.192938
255 255 255 255
-15.1451 -16.3456
0 0 0
1 0 0
0.04183436 0.2394532 0.04154012
0.3333396 -0.5177533 2.422977
255 255 255 255
-15.0367 -16.3214
14 0 0
0.25 0.75 0
0.02075472 0.2371698 0.03928512
-0.5470545 -1.253153 2.092926
255 255 255 255
-15.1428 -16.3328
0 0 0
1 0 0
0.02190393 0.1335446 0.04082264
0.6252109 1.272349 2.059184
255 255 255 255
-15.0045 -16.3851
9 0 0
1 0 0
0.03263409 0.1056614 0.03969764
0.9507505 -0.1768703 2.305383
255 255 255 255
-15.1478 -16.5094
11 9 0
0.5 0.5 0
0.03301892 0.1341274 0.04176014
0.6850247 1.732997 1.666572
255 255 255 255
-15.0043 -16.5073
9 0 0
1 0 0
-0.03175879 0.1686656 0.05459012
-0.342641 -0.3237648 2.455153
255 255 255 255
-15.9281 -15.0245
12 0 0
1 0 0
-0.04939123 0.1594888 0.04930263
-0.4723014 -0.7683033 2.331661
255 255 255 255
-15.9306 -14.6848
12 0 0
1 0 0
-0.04325621 0.1566238 0.03427763
0.8128173 -1.201294 2.036227
255 255 255 255
-15.9693 -14.7894
12 0 0
1 0 0
0.04336661 0.1028677 0.02854264
1.763651 -0.1640955 1.764258
255 255 255 255
-15.1509 -16.6496
11 9 0
0.5 0.5 0
0.04451644 0.1312544 0.03032763
1.728816 1.037912 1.477814
255 255 255 255
-15.0035 -16.6438
9 0 0
1 0 0
-0.04709028 0.1369361 0.02983013
-1.477179 -1.019679 1.740171
255 255 255 255
-15.0045 -16.3851
0 0 0
1 0 0
-0.03520778 0.140287 0.04187763
-0.7518517 -1.210549 2.054092
255 255 255 255
-15.0043 -16.5073
0 0 0
1 0 0
-0.04287326 0.1636105 0.02862513
-1.846271 0.3026986 1.658209
255 255 255 255
-15.1482 -16.3881
12 0 0
0.5 0.5 0
-0.0003287677 0.1659281 0.05044512
0.02132692 -1.245293 2.167669
255 255 255 255
-15.9296 -15.8319
13 0 0
1 0 0
-0.02217622 0.1574544 0.03889263
-0.6410826 -1.059544 2.171723
255 255 255 255
-15.968 -15.3186
13 12 0
0.5 0.5 0
-0.02294278 0.1404419 0.04128513
-0.5153879 -1.088479 2.190796
255 255 255 255
-15.0035 -16.6438
0 0 0
1 0 0
-0.03252577 0.1664053 0.03988013
-0.8476906 0.2587353 2.337622
255 255 255 255
-15.1478 -16.5094
12 0 0
0.5 0.5 0
-0.000711227 0.1585166 0.03953762
-0.05472793 -0.9260076 2.321533
255 255 255 255
-15.9677 -15.8554
13 0 0
1 0 0
-0.01221028 0.1423131 0.04922514
-0.2742995 -1.210668 2.170033
255 255 255 255
-15.0047 -16.5073
0 0 0
1 0 0
-0.02294278 0.1404419 0.04128513
-0.5153879 -1.088479 2.190796
255 255 255 255
-15.0045 -16.3849
0 0 0
1 0 0
-0.001095283 0.1413684 0.04469763
0.03678536 -1.224275 2.179403
255 255 255 255
-15.0033 -16.6433
0 0 0
1 0 0
-0.01182528 0.1391496 0.03670514
-0.002907667 -2.407891 0.67235
255 255 255 255
-15.0043 -16.5073
0 0 0
1 0 0
-0.001093578 0.1344883 0.04409514
-0.02281257 1.380834 2.083933
255 255 255 255
-15.0045 -16.3851
9 0 0
1 0 0
-0.001860903 0.104896 0.04218763
0.01927915 -0.1715017 2.494036
255 255 255 255
-15.1482 -16.3881
10 9 0
0.5 0.5 0
0.01040392 0.1354302 0.04872014
0.2473136 1.711592 1.80535
255 255 255 255
-15.0043 -16.5073
9 0 0
1 0 0
0.03148622 0.168323 0.05429512
0.2694756 -0.1518315 2.480792
255 255 255 255
-15.9264 -16.6068
15 0 0
1 0 0
0.02075378 0.1575717 0.03982512
0.6079239 -1.095444 2.16343
255 255 255 255
-15.9666 -16.3872
15 13 0
0.5 0.5 0
0.00963659 0.1058229 0.04676013
0.2902668 -0.1917305 2.475679
255 255 255 255
-15.1478 -16.5094
10 9 0
0.5 0.5 0
0.02190393 0.1335446 0.04082264
0.6252109 1.272349 2.059184
255 255 255 255
-15.0035 -16.6438
9 0 0
1 0 0
0.04221629 0.1568944 0.03626512
-0.6546631 -1.329602 2.013349
255 255 255 255
-15.9665 -16.9352
15 0 0
1 0 0
-0.001093578 0.1344883 0.04409514
-0.02281257 1.380834 2.083933
255 255 255 255
-15.0033 -16.6433
9 0 0
1 0 0
-0.01259357 0.1322939 0.03619014
-0.002828417 2.423917 -0.6120616
255 255 255 255
-15.0043 -16.5073
9 0 0
1 0 0
-0.01259358 0.1354389 0.04864514
-0.2259135 1.714911 1.805006
255 255 255 255
-15.0047 -16.5073
9 0 0
1 0 0
-0.02409357 0.1335646 0.04068764
-0.6549913 1.295237 2.035521
255 255 255 255
-15.0045 -16.3849
9 0 0
1 0 0
-0.00186081 0.08918519 0.03813015
-0.01088214 0.153563 2.495255
255 255 255 255
-15.3035 -16.477
9 0 0
1 0 0
0.01002194 0.04624364 0.04186265
1.059208 -0.3718437 2.233788
255 255 255 255
-15.2458 -16.3664
9 0 0
1 0 0
0.02880174 0.08044279 0.03220014
0.3675716 0.02063097 2.472744
255 255 255 255
-15.3044 -16.0365
9 0 0
1 0 0
0.02458699 0.03860804 0.02902265
1.972364 -0.9578137 1.200988
255 255 255 255
-15.239 -16.2518
9 0 0
1 0 0
0.03685183 0.06626058 0.03193515
1.908584 -0.7948467 1.405534
255 255 255 255
-15.2466 -16.0672
9 0 0
1 0 0
0.03800205 0.02825774 0.01605765
0.7980947 -2.105076 -1.08706
255 255 255 255
-15.1768 -16.1291
9 0 0
1 0 0
0.02803679 0.07256711 0.02563765
0.4113011 -2.010506 -1.427829
255 255 255 255
-15.291 -16.0527
9 0 0
1 0 0
0.001204717 0.2202627 0.05076012
0.1220385 1.735816 1.795007
255 255 255 255
-15.1179 -18.1603
0 0 0
1 0 0
-0.007610282 0.2112768 0.04859512
-2.00598 1.093385 1.015162
255 255 255 255
-15.1292 -18.1705
0 0 0
1 0 0
0.0008222166 0.2054161 0.08051263
0.002429156 0.02966376 2.499823
255 255 255 255
-15.0975 -18.1118
0 0 0
1 0 0
-0.03597321 0.07299106 0.02567014
-0.5080868 -1.982521 -1.435777
255 255 255 255
-15.3564 -16.9184
9 0 0
1 0 0
-0.0352082 0.07172673 0.01034015
-0.06892104 -1.805992 -1.727322
255 255 255 255
-15.3592 -16.8375
9 0 0
1 0 0
0.02765181 0.06965309 0.01040015
0.09798764 -1.921393 -1.596449
255 255 255 255
-15.7391 -16.8461
9 0 0
1 0 0
0.02803679 0.07256711 0.02563765
0.4113011 -2.010506 -1.427829
255 255 255 255
-15.738 -16.9286
9 0 0
1 0 0
0.04260152 0.1172124 0.03314263
-0.2895979 1.718418 1.792532
255 255 255 255
-15.9702 -10.7665
11 0 0
1 0 0
0.05601649 0.1228296 0.03648762
1.713076 0.5525562 1.734951
255 255 255 255
-15.8685 -10.4924
11 0 0
1 0 0
0.04451644 0.131222 0.03487012
-0.142352 -0.1870369 2.488926
255 255 255 255
-15.9686 -10.4997
15 11 0
0.5 0.5 0
0.0525665 0.1212781 0.04894012
1.006478 1.618847 1.617509
255 255 255 255
-15.9308 -10.7868
11 0 0
1 0 0
0.02573653 0.1166587 0.05271012
0.2871704 1.406779 2.046584
255 255 255 255
-15.9309 -11.3806
11 0 0
1 0 0
0.04873377 0.1590584 0.04884012
0.7315488 -0.8063963 2.250458
255 255 255 255
-15.928 -17.0615
15 0 0
1 0 0
-0.001478474 0.1165659 0.03899513
-0.04430147 1.690191 1.841546
255 255 255 255
-15.9697 -12.1056
10 0 0
1 0 0
0.02075402 0.1171812 0.03951263
0.3310934 1.812694 1.689532
255 255 255 255
-15.969 -11.5289
11 10 0
0.5 0.5 0
-0.001095972 0.1163874 0.05517513
0.03404921 1.634718 1.891174
255 255 255 255
-15.9308 -12.0552
10 0 0
1 0 0
-0.02792599 0.1179793 0.05300012
-0.1115062 1.397264 2.070077
255 255 255 255
-15.9323 -12.7492
17 0 0
1 0 0
0.05601649 0.1228296 0.03648762
1.713076 0.5525562 1.734951
255 255 255 255
-15.8565 -17.6358
11 0 0
1 0 0
-0.05437351 0.1227414 0.04951012
-0.9927704 1.646823 1.597617
255 255 255 255
-15.9336 -13.4244
17 0 0
1 0 0
-0.02332598 0.1178624 0.03846012
-0.2107592 1.864772 1.651728
255 255 255 255
-15.9705 -12.6837
17 10 0
0.5 0.5 0
-0.04517348 0.1186839 0.03262012
0.2702439 1.847309 1.662654
255 255 255 255
-15.9727 -13.2755
17 0 0
1 0 0
-0.05820603 0.1246408 0.03706512
-1.70695 0.6318793 1.713783
255 255 255 255
-15.8572 -14.205
17 0 0
1 0 0
0.05984971 0.2089165 0.03204263
0.4013808 -0.07259783 2.4665
255 255 255 255
-14.637 -15.3223
0 0 0
1 0 0
0.05984917 0.09198186 0.03100014
1.965811 -0.1284282 1.539186
255 255 255 255
-14.7245 -15.9303
9 0 0
1 0 0
0.06904972 0.2079489 0.02982262
2.226797 -0.1757269 1.122718
255 255 255 255
-14.72 -15.3597
0 0 0
1 0 0
-0.04632357 0.1312903 0.03349013
0.561924 -0.4042448 2.402255
255 255 255 255
-15.9544 -14.0504
17 12 0
0.5 0.5 0
0.07403222 0.2706867 0.03214011
2.173509 -0.2654507 1.206397
255 255 255 255
-14.731 -15.1307
0 0 0
1 0 0
0.06406721 0.2362437 0.03255762
0.4340022 -0.09533297 2.460194
255 255 255 255
-14.6514 -15.1329
0 0 0
1 0 0
0.07633049 0.2912941 0.03382012
0.7352118 -2.192889 0.9490538
255 255 255 255
-15.1212 -17.8825
14 0 0
1 0 0
0.08207792 0.3029726 0.05762511
1.080904 -0.9411967 2.048365
255 255 255 255
-15.0898 -17.8822
14 0 0
1 0 0
0.05678046 0.2971694 0.04515261
0.1228559 -1.12722 2.228067
255 255 255 255
-15.1214 -17.8823
14 0 0
1 0 0
0.01921793 0.3018938 0.04507261
-0.8916017 -0.2194528 2.325271
255 255 255 255
-15.1213 -17.8824
14 0 0
1 0 0
0.0265004 0.3075534 0.04734261
-0.3523997 -0.4670053 2.430581
255 255 255 255
-15.0899 -17.8825
14 0 0
1 0 0
0.01385289 0.3085968 0.04501261
-1.488175 -0.4088548 1.966767
255 255 255 255
-15.0899 -17.8825
14 0 0
1 0 0
0.02841779 0.3246313 0.04840761
-0.5354239 1.38221 2.013161
255 255 255 255
-15.0426 -17.8837
14 0 0
1 0 0
0.03225221 0.1403791 0.04250764
0.6754786 -1.166663 2.10538
255 255 255 255
-15.0043 -16.5073
0 0 0
1 0 0
0.02113671 0.1695598 0.03913263
0.6864595 0.1673186 2.398078
255 255 255 255
-15.1482 -16.3881
15 13 0
0.25 0.25 0.5
0.02113722 0.1401164 0.04151513
0.4217648 -1.113332 2.198319
255 255 255 255
-15.0045 -16.3851
0 0 0
1 0 0
-0.057057 0.2899927 0.04659261
-0.1396947 -1.314434 2.121968
255 255 255 255
-15.1212 -17.8826
16 0 0
1 0 0
-0.07047205 0.2976304 0.05705011
-0.7615599 -1.022012 2.150702
255 255 255 255
-15.0899 -17.8825
16 0 0
1 0 0
-0.06778944 0.2799564 0.03224761
-1.520007 -1.717306 0.9952077
255 255 255 255
-15.1209 -17.8829
16 0 0
1 0 0
-0.07622194 0.2792695 0.03215511
-1.191699 -2.003097 -0.9041315
255 255 255 255
-15.1209 -17.883
16 0 0
1 0 0
-0.08886966 0.3181154 0.03298011
-1.955429 1.182558 -1.013832
255 255 255 255
-15.0901 -17.883
16 0 0
1 0 0
-0.06970466 0.3177685 0.0330251
-0.009461755 2.267308 -1.053197
255 255 255 255
-15.09 -17.8829
16 0 0
1 0 0
-0.07698715 0.3172264 0.05747511
-1.129758 1.267907 1.834682
255 255 255 255
-15.0425 -17.8839
16 0 0
1 0 0
-0.02447705 0.2992355 0.04738011
0.4661902 -0.6713181 2.362625
255 255 255 255
-15.0899 -17.8826
16 0 0
1 0 0
-0.007612011 0.2923318 0.03235511
1.982734 -0.3727332 1.476427
255 255 255 255
-15.0244 -16.2659
16 0 0
1 0 0
-0.01910952 0.2936049 0.04287261
0.8706571 -0.7671244 2.21438
255 255 255 255
-15.0219 -16.1818
16 0 0
1 0 0
-0.01259359 0.272844 0.03826762
1.008632 0.09796272 2.285402
255 255 255 255
-15.0648 -16.2652
16 0 0
0.5 0.5 0
-0.0244761 0.2767481 0.04738512
0.7033414 0.0144982 2.398979
255 255 255 255
-15.0626 -16.183
16 0 0
0.5 0.5 0
0.04221721 0.2256897 0.03432762
0.341722 -0.2557622 2.463293
255 255 255 255
-14.496 -15.2047
0 0 0
1 0 0
-0.03482278 0.3257035 0.0327401
-0.03988288 -0.006828155 2.499673
255 255 255 255
-14.3441 -17.1037
0 0 0
1 0 0
-0.05590528 0.2303202 0.03605012
-0.5858087 -0.09878225 2.428388
255 255 255 255
-14.5471 -17.5412
0 0 0
1 0 0
-0.02945779 0.2325879 0.03587512
-0.06112518 -0.09634377 2.497395
255 255 255 255
-14.3481 -17.5412
0 0 0
1 0 0
-0.06778778 0.2636493 0.03154761
-2.065758 -0.003552131 1.408059
255 255 255 255
-14.7082 -17.375
0 0 0
1 0 0
-0.06970277 0.317784 0.03307761
-1.84802 -0.1650242 1.675586
255 255 255 255
-14.7099 -17.1428
0 0 0
1 0 0
-0.06165528 0.2014618 0.01443763
-1.521657 -0.02643006 -1.983397
255 255 255 255
-14.6317 -18.465
0 0 0
1 0 0
-0.03099028 0.2388016 0.01366262
0.006661114 -0.05912721 -2.499292
255 255 255 255
-14.3436 -18.3539
0 0 0
1 0 0
-0.03175778 0.202456 0.01452262
0.005361988 0.009805881 -2.499975
255 255 255 255
-14.3453 -18.4606
0 0 0
1 0 0
-0.0352082 0.07172673 0.01034015
-0.06892104 -1.805992 -1.727322
255 255 255 255
-14.3447 -18.8312
9 0 0
1 0 0
-0.05897321 0.07251982 0.01066515
-1.313143 -1.563059 -1.443088
255 255 255 255
-14.6353 -18.8351
9 0 0
1 0 0
-0.03597321 0.07299106 0.02567014
-0.5080868 -1.982521 -1.435777
255 255 255 255
-14.3455 -18.8751
9 0 0
1 0 0
-0.06357075 0.07721353 0.03104265
-1.756548 -1.118895 1.382972
255 255 255 255
-14.7339 -18.9213
9 0 0
1 0 0
-0.0413407 0.07032672 0.03052265
-1.610745 -1.298308 1.40353
255 255 255 255
-14.3417 -18.9172
9 0 0
1 0 0
-0.03290826 0.0807936 0.03198014
-0.4080976 -0.0132177 2.466431
255 255 255 255
-15.7532 -18.9466
9 0 0
1 0 0
-0.06357075 0.07721353 0.03104265
-1.756548 -1.118895 1.382972
255 255 255 255
-15.3402 -18.9861
9 0 0
1 0 0
-0.0413407 0.07032672 0.03052265
-1.610745 -1.298308 1.40353
255 255 255 255
-15.752 -18.9905
9 0 0
1 0 0
-0.06318832 0.0911826 0.03059014
-1.973466 -0.02944961 1.534459
255 255 255 255
-15.3404 -18.9444
9 0 0
1 0 0
-0.06318832 0.0911826 0.03059014
-1.973466 -0.02944961 1.534459
255 255 255 255
-14.7337 -18.9229
9 0 0
1 0 0
-0.06587029 0.2082695 0.02917013
-2.304796 -0.07706434 0.9653908
255 255 255 255
-14.7312 -18.4853
0 0 0
1 0 0
-0.06280528 0.2388121 0.01356012
-1.53937 -0.08734111 -1.967921
255 255 255 255
-14.6303 -18.3562
0 0 0
1 0 0
-0.02907528 0.3278269 0.01154261
0.0009225114 1.216492 -2.184067
255 255 255 255
-14.3441 -18.0219
0 0 0
1 0 0
-0.06702028 0.3278274 0.0113751
-1.373626 0.921618 -1.874506
255 255 255 255
-14.6283 -18.0239
0 0 0
1 0 0
0.02573722 0.2139901 0.03563263
0.1401433 -0.1683088 2.490388
255 255 255 255
-14.347 -15.3054
0 0 0
1 0 0
0.02458722 0.2371904 0.03937012
0.1519116 -0.1290956 2.492039
255 255 255 255
-14.3465 -15.1361
0 0 0
1 0 0
-0.007612011 0.2923318 0.03235511
1.982734 -0.3727332 1.476427
255 255 255 255
-15.1409 -16.3227
16 0 0
1 0 0
-0.009911089 0.272355 0.03773512
1.489713 0.06537568 2.006609
255 255 255 255
-15.0626 -16.3229
16 0 0
0.5 0.5 0
-0.006843591 0.2728999 0.03249262
2.16071 -0.1252137 1.251261
255 255 255 255
-15.1429 -16.3336
16 0 0
0.5 0.5 0
0.02880174 0.08044279 0.03220014
0.3675716 0.02063097 2.472744
255 255 255 255
-14.3465 -15.9302
9 0 0
1 0 0
-0.06778944 0.2799564 0.03224761
-1.520007 -1.717306 0.9952077
255 255 255 255
-15.1449 -16.3444
16 0 0
1 0 0
-0.06778856 0.263644 0.03153512
-2.466076 -0.2764823 0.30336
255 255 255 255
-15.1469 -16.3555
16 0 0
0.5 0.5 0
-0.06740356 0.2657181 0.03655512
-1.826179 0.2213238 1.692952
255 255 255 255
-15.0597 -16.343
16 0 0
0.5 0.5 0
0.009637217 0.2114671 0.04694762
2.020738 1.061391 1.019837
255 255 255 255
-15.1308 -18.1701
0 0 0
1 0 0
0.03033722 0.2390913 0.01377012
0.007467522 -0.06113451 -2.499241
255 255 255 255
-13.3433 -18.3539
0 0 0
1 0 0
0.06483221 0.2390869 0.01391012
1.40777 -0.1407322 -2.06116
255 255 255 255
-13.6306 -18.3559
0 0 0
1 0 0
0.02956972 0.2050982 0.01463762
0.00538385 0.006855872 -2.499985
255 255 255 255
-13.3447 -18.4621
0 0 0
1 0 0
-0.02945779 0.3406278 0.0333251
-0.03154358 2.149759 1.275751
255 255 255 255
-14.3447 -17.0289
0 0 0
1 0 0
-0.07277029 0.3403215 0.0332376
-1.618765 1.654025 0.9454108
255 255 255 255
-14.7124 -17.0302
0 0 0
1 0 0
0.03225221 0.3409517 0.0335576
-0.01677224 2.181255 1.221411
255 255 255 255
-15.3493 -15
0 0 0
1 0 0
0.03148722 0.330271 0.0337676
0.002276441 0.0585479 2.499313
255 255 255 255
-15.3468 -15.0917
0 0 0
1 0 0
0.08016472 0.3409492 0.0337601
1.645898 1.670225 0.866815
255 255 255 255
-15.7319 -14.9982
0 0 0
1 0 0
0.07863221 0.329073 0.0344951
1.899028 -0.1567448 1.618371
255 255 255 255
-15.728 -15.1039
0 0 0
1 0 0
0.07326472 0.3284361 0.0117701
1.328213 0.9138178 -1.910703
255 255 255 255
-13.6284 -18.024
0 0 0
1 0 0
0.03225221 0.3281316 0.01170261
-0.002943631 1.216297 -2.184173
255 255 255 255
-13.3439 -18.022
0 0 0
1 0 0
-0.02562528 0.2326035 0.03594512
0.6172805 -1.046309 2.184995
255 255 255 255
-15.1466 -16.3539
0 0 0
1 0 0
-0.02830814 0.2428375 0.04132762
0.4825051 -0.6289487 2.370994
255 255 255 255
-15.0396 -16.3365
16 0 0
0.25 0.75 0
-0.05590528 0.2303202 0.03605012
-0.5523766 -1.139722 2.155438
255 255 255 255
-15.1481 -16.3622
0 0 0
1 0 0
0.03225221 0.3409517 0.0335576
-0.01677224 2.181255 1.221411
255 255 255 255
-13.3445 -18
0 0 0
1 0 0
-0.05628814 0.239741 0.04093762
-0.8414 -0.7693809 2.224882
255 255 255 255
-15.0414 -16.3458
16 0 0
0.25 0.75 0
-0.06395564 0.2453898 0.03469012
-1.996817 -0.7302037 1.315114
255 255 255 255
-15.1474 -16.3583
16 0 0
0.25 0.75 0
0.08016472 0.3409492 0.0337601
1.645898 1.670225 0.866815
255 255 255 255
-13.6856 -18.0029
0 0 0
1 0 0
-0.04325621 0.1566238 0.03427763
0.8128173 -1.201294 2.036227
255 255 255 255
-15.0199 -16.8157
12 0 0
1 0 0
-0.04632357 0.1312903 0.03349013
0.561924 -0.4042448 2.402255
255 255 255 255
-15.0564 -16.8253
17 12 0
0.5 0.5 0
-0.02217622 0.1574544 0.03889263
-0.6410826 -1.059544 2.171723
255 255 255 255
-15.0185 -16.7932
13 12 0
0.5 0.5 0
0.07863221 0.329073 0.0344951
1.899028 -0.1567448 1.618371
255 255 255 255
-13.6858 -18.0544
0 0 0
1 0 0
0.07403222 0.2706867 0.03214011
2.173509 -0.2654507 1.206397
255 255 255 255
-13.7035 -18.262
0 0 0
1 0 0
-0.04517348 0.1186839 0.03262012
0.2702439 1.847309 1.662654
255 255 255 255
-15.0701 -16.8289
17 0 0
1 0 0
-0.02332598 0.1178624 0.03846012
-0.2107592 1.864772 1.651728
255 255 255 255
-15.0679 -16.7973
17 10 0
0.5 0.5 0
-0.02409357 0.1317335 0.03637763
-0.3607644 -0.05710317 2.473174
255 255 255 255
-15.055 -16.8016
17 12 0
0.5 0.5 0
-0.001478474 0.1165659 0.03899513
-0.04430147 1.690191 1.841546
255 255 255 255
-15.067 -16.7858
10 0 0
1 0 0
-0.001096102 0.1376012 0.04008263
-0.04926919 -0.1374101 2.495734
255 255 255 255
-15.0533 -16.7737
13 10 0
0.5 0.5 0
0.06904972 0.2079489 0.02982262
2.226797 -0.1757269 1.122718
255 255 255 255
-13.709 -18.486
0 0 0
1 0 0
0.06253222 0.2054125 0.01470762
1.393597 -0.08464887 -2.073818
255 255 255 255
-13.6314 -18.4636
0 0 0
1 0 0
-0.000711227 0.1585166 0.03953762
-0.05472793 -0.9260076 2.321533
255 255 255 255
-15.0182 -16.7879
13 0 0
1 0 0
0.02075378 0.1575717 0.03982512
0.6079239 -1.095444 2.16343
255 255 255 255
-15.0169 -16.7687
15 13 0
0.5 0.5 0
0.02765181 0.06965309 0.01040015
0.09798764 -1.921393 -1.596449
255 255 255 255
-13.3447 -18.8315
9 0 0
1 0 0
0.04221629 0.1568944 0.03626512
-0.6546631 -1.329602 2.013349
255 255 255 255
-15.0168 -16.7663
15 0 0
1 0 0
0.02190393 0.1316148 0.03737763
0.329035 -0.05834892 2.477566
255 255 255 255
-15.0534 -16.7751
15 11 0
0.5 0.5 0
0.04451644 0.131222 0.03487012
-0.142352 -0.1870369 2.488926
255 255 255 255
-15.0534 -16.7761
15 11 0
0.5 0.5 0
0.05409929 0.07212092 0.01094015
1.268875 -1.599276 -1.443009
255 255 255 255
-13.6353 -18.8347
9 0 0
1 0 0
0.04260152 0.1172124 0.03314263
-0.2895979 1.718418 1.792532
255 255 255 255
-15.0676 -16.7932
11 0 0
1 0 0
0.02075402 0.1171812 0.03951263
0.3310934 1.812694 1.689532
255 255 255 255
-15.0663 -16.7764
11 10 0
0.5 0.5 0
0.05984917 0.09198186 0.03100014
1.965811 -0.1284282 1.539186
255 255 255 255
-13.7338 -18.9238
9 0 0
1 0 0
-0.02409357 0.1335646 0.04068764
-0.6549913 1.295237 2.035521
255 255 255 255
-15.0033 -16.6433
9 0 0
1 0 0
-0.03520856 0.1310067 0.02908764
0.03299951 2.423903 -0.6112357
255 255 255 255
-15.0043 -16.5073
9 0 0
1 0 0
-0.03559107 0.1341451 0.04151263
-0.7029498 1.741318 1.650356
255 255 255 255
-15.0047 -16.5073
9 0 0
1 0 0
-0.04670606 0.1312898 0.03005013
-1.748121 1.075806 1.427135
255 255 255 255
-15.0045 -16.3849
9 0 0
1 0 0
0.04451644 0.1312544 0.03032763
1.728816 1.037912 1.477814
255 255 255 255
-15.0033 -16.6433
9 0 0
1 0 0
0.03301894 0.1309799 0.02929264
-0.02736024 2.423803 -0.6119059
255 255 255 255
-15.0043 -16.5073
9 0 0
1 0 0
0.03301892 0.1341274 0.04176014
0.6850247 1.732997 1.666572
255 255 255 255
-15.0047 -16.5073
9 0 0
1 0 0
0.02190393 0.1335446 0.04082264
0.6252109 1.272349 2.059184
255 255 255 255
-15.0045 -16.3849
9 0 0
1 0 0
-0.001478381 0.1008459 0.05240263
0.01526532 -1.04334 2.271829
255 255 255 255
-15.8722 -12.0766
10 0 0
1 0 0
0.02650162 0.1009868 0.04947513
0.3006408 -1.161759 2.193156
255 255 255 255
-15.8651 -11.3743
11 0 0
1 0 0
0.05448407 0.1078109 0.04639763
1.682174 -0.6601643 1.727563
255 255 255 255
-15.8655 -10.8505
11 0 0
1 0 0
0.05793168 0.08897753 0.02706013
1.451937 -1.294648 1.570276
255 255 255 255
-15.7693 -11.0431
11 0 0
1 0 0
0.02880176 0.07661653 0.02892263
0.3878121 -1.664036 1.824989
255 255 255 255
-15.7705 -11.3857
11 10 0
0.5 0.5 0
0.05946676 0.07682278 0.03139764
1.739673 -1.158755 1.371431
255 255 255 255
-13.734 -18.9211
9 0 0
1 0 0
-0.001860781 0.0840843 0.03806513
-0.03981698 -1.638328 1.887935
255 255 255 255
-15.7679 -12.1351
10 0 0
1 0 0
-0.03252575 0.0780549 0.02929764
-0.3291172 -1.641913 1.856288
255 255 255 255
-15.7724 -12.954
17 10 0
0.5 0.5 0
-0.02945841 0.1044055 0.05126762
-0.2691578 -1.07471 2.241105
255 255 255 255
-15.8764 -12.7905
17 0 0
1 0 0
-0.05705594 0.1102279 0.04795513
-1.68186 -0.554563 1.764598
255 255 255 255
-15.8756 -13.4815
17 0 0
1 0 0
-0.06012083 0.09162042 0.03060262
-1.333858 -1.29857 1.668694
255 255 255 255
-15.772 -13.6704
17 0 0
1 0 0
0.02535222 0.1929011 0.03343013
1.835906 -1.13698 1.259653
255 255 255 255
-15.1438 -18.2014
0 0 0
1 0 0
0.02190472 0.206687 0.03350262
1.901835 1.186384 1.10703
255 255 255 255
-15.1198 -18.1952
0 0 0
1 0 0
0.02113722 0.1951663 0.04151763
1.647285 -0.9708878 1.610536
255 255 255 255
-15.1315 -18.186
0 0 0
1 0 0
0.01806972 0.2049464 0.04167262
1.804033 0.9456213 1.449574
255 255 255 255
-15.1156 -18.1843
0 0 0
1 0 0
0.01385472 0.1961167 0.04609013
1.396613 -1.25487 1.650689
255 255 255 255
-15.1372 -18.1784
0 0 0
1 0 0
0.001589717 0.2477042 0.03365262
0.02275239 1.573499 1.942571
255 255 255 255
-15.144 -18.1788
0 0 0
1 0 0
-0.01144278 0.2140937 0.03343512
-1.968722 1.306172 0.8173425
255 255 255 255
-15.1438 -18.1983
0 0 0
1 0 0
-0.01566028 0.2048341 0.04352512
-1.782026 0.8919806 1.509554
255 255 255 255
-15.115 -18.1875
0 0 0
1 0 0
-0.02025778 0.2066728 0.03326263
-1.905193 1.224315 1.058912
255 255 255 255
-15.1198 -18.204
0 0 0
1 0 0
-0.01987528 0.1952018 0.04146263
-1.684145 -0.9946686 1.557013
255 255 255 255
-15.1312 -18.1942
0 0 0
1 0 0
-0.02447528 0.1929231 0.03329263
-1.836675 -1.054663 1.328274
255 255 255 255
-15.1437 -18.2115
0 0 0
1 0 0
0.0004397172 0.1878521 0.03327263
-0.01455503 -2.348792 0.8561348
255 255 255 255
-15.1437 -18.2091
0 0 0
1 0 0
0.0004397172 0.1923471 0.04575013
-0.01520957 -2.328583 0.9096534
255 255 255 255
-15.1318 -18.1835
0 0 0
1 0 0
-0.009910284 0.2049075 0.04741763
-1.947331 0.4053666 1.514457
255 255 255 255
-15.1373 -18.1763
0 0 0
1 0 0
0.01155472 0.2051373 0.04712762
2.040206 0.5191643 1.348342
255 255 255 255
-15.1373 -18.1725
0 0 0
1 0 0
-0.057057 0.2899927 0.04659261
-0.1396947 -1.314434 2.121968
255 255 255 255
-15.0222 -16.0647
16 0 0
1 0 0
-0.0555236 0.2762316 0.04660011
-0.989651 -0.09869583 2.293654
255 255 255 255
-15.0712 -16.0734
16 0 0
0.5 0.5 0
0.02803679 0.07256711 0.02563765
0.4113011 -2.010506 -1.427829
255 255 255 255
-13.3456 -18.8753
9 0 0
1 0 0
0.06176622 0.1680865 0.02955762
1.933111 1.02013 1.213432
255 255 255 255
-15.7735 -17.2672
15 0 0
1 0 0
0.05103371 0.1701602 0.04414262
1.577057 1.424581 1.31661
255 255 255 255
-15.8393 -17.1111
15 0 0
1 0 0
0.03033616 0.1799558 0.04907012
0.01669086 2.168437 1.244027
255 255 255 255
-15.8525 -16.5796
15 0 0
1 0 0
-0.000328841 0.1790156 0.04803512
0.1146219 1.574095 1.938837
255 255 255 255
-15.8618 -15.8317
13 0 0
1 0 0
-0.03099135 0.1800738 0.05097513
-0.03598699 2.068362 1.403774
255 255 255 255
-15.8671 -15.0401
12 0 0
1 0 0
-0.05245629 0.1708963 0.04567013
-1.559411 1.358472 1.404561
255 255 255 255
-15.8532 -14.6947
12 0 0
1 0 0
-0.06127129 0.1694878 0.02978013
-1.979258 1.186161 0.9620604
255 255 255 255
-15.7654 -14.6348
12 0 0
1 0 0
-0.02907639 0.1875288 0.02876763
0.1598372 2.491361 0.1325578
255 255 255 255
-15.7638 -15.1311
13 12 0
0.5 0.5 0
0.03685183 0.06626058 0.03193515
1.908584 -0.7948467 1.405534
255 255 255 255
-13.3416 -18.9172
9 0 0
1 0 0
5.363743E-05 0.1827647 0.03142012
0.009001937 2.438627 0.5504705
255 255 255 255
-15.763 -15.8682
13 0 0
1 0 0
0.02880112 0.1866496 0.02860513
-0.1157869 2.496751 0.05318838
255 255 255 255
-15.762 -16.547
15 13 0
0.5 0.5 0
0.03685183 0.06626058 0.03193515
1.908584 -0.7948467 1.405534
255 255 255 255
-14.3643 -15.8934
9 0 0
1 0 0
0.05946676 0.07682278 0.03139764
1.739673 -1.158755 1.371431
255 255 255 255
-14.7126 -15.8915
9 0 0
1 0 0
0.05793168 0.08897753 0.02706013
1.451937 -1.294648 1.570276
255 255 255 255
-15.9708 -17.6649
11 0 0
1 0 0
-0.06012083 0.09162042 0.03060262
-1.333858 -1.29857 1.668694
255 255 255 255
-15.7894 -14.1442
17 0 0
1 0 0
0.07863027 0.329051 0.03441511
0.01314116 2.203042 -1.181709
255 255 255 255
-15.0899 -17.8825
14 0 0
1 0 0
0.03148526 0.3302512 0.0337001
-0.2251268 2.350258 0.8219516
255 255 255 255
-15.0899 -17.8826
14 0 0
1 0 0
0.07824527 0.329117 0.0586751
0.8622088 1.485382 1.816656
255 255 255 255
-15.0431 -17.8827
14 0 0
1 0 0
0.02113722 0.1401164 0.04151513
0.4217648 -1.113332 2.198319
255 255 255 255
-15.0045 -16.3849
0 0 0
1 0 0
0.03301971 0.1368097 0.02973513
-0.07111214 -2.423744 0.6086102
255 255 255 255
-15.0043 -16.5073
0 0 0
1 0 0
0.04451722 0.1365766 0.03015014
1.442139 -1.084344 1.730443
255 255 255 255
-15.0033 -16.6433
0 0 0
1 0 0
-0.02294278 0.1404419 0.04128513
-0.5153879 -1.088479 2.190796
255 255 255 255
-15.0045 -16.3851
0 0 0
1 0 0
-0.01221028 0.1423131 0.04922514
-0.2742995 -1.210668 2.170033
255 255 255 255
-15.0043 -16.5073
0 0 0
1 0 0
-0.01106082 0.1756824 0.04709263
-0.3140229 0.20322 2.47186
255 255 255 255
-15.1478 -16.5094
13 0 0
0.5 0.5 0
0.03225221 0.1403791 0.04250764
0.6754786 -1.166663 2.10538
255 255 255 255
-15.0047 -16.5073
0 0 0
1 0 0
-0.001095283 0.1413684 0.04469763
0.03678536 -1.224275 2.179403
255 255 255 255
-15.0035 -16.6438
0 0 0
1 0 0
-0.0003283125 0.1742036 0.04305013
-0.01309352 0.1588418 2.494914
255 255 255 255
-15.1509 -16.6496
13 0 0
0.5 0.5 0
0.01002222 0.1424686 0.04868514
0.2291935 -1.160357 2.202508
255 255 255 255
-15.0047 -16.5073
0 0 0
1 0 0
-0.001095283 0.1413684 0.04469763
0.03678536 -1.224275 2.179403
255 255 255 255
-15.0045 -16.3849
0 0 0
1 0 0
0.02113722 0.1401164 0.04151513
0.4217648 -1.113332 2.198319
255 255 255 255
-15.0033 -16.6433
0 0 0
1 0 0
0.01002222 0.1393111 0.03617764
-0.06545848 -2.447471 0.5055696
255 255 255 255
-15.0043 -16.5073
0 0 0
1 0 0
-0.03520778 0.140287 0.04187763
-0.7518517 -1.210549 2.054092
255 255 255 255
-15.0047 -16.5073
0 0 0
1 0 0
-0.04709028 0.1369361 0.02983013
-1.477179 -1.019679 1.740171
255 255 255 255
-15.0045 -16.3849
0 0 0
1 0 0
-0.02294278 0.1404419 0.04128513
-0.5153879 -1.088479 2.190796
255 255 255 255
-15.0033 -16.6433
0 0 0
1 0 0
-0.03482278 0.1371485 0.02944013
0.06141379 -2.42312 0.6121411
255 255 255 255
-15.0043 -16.5073
0 0 0
1 0 0
-0.02409357 0.1335646 0.04068764
-0.6549913 1.295237 2.035521
255 255 255 255
-15.0045 -16.3851
9 0 0
1 0 0
-0.01297591 0.1058406 0.04671514
-0.3193253 -0.176805 2.473211
255 255 255 255
-15.1478 -16.5094
10 9 0
0.5 0.5 0
-0.01259358 0.1354389 0.04864514
-0.2259135 1.714911 1.805006
255 255 255 255
-15.0043 -16.5073
9 0 0
1 0 0
0.0146178 0.32319 0.04558761
-1.105213 1.013449 2.000356
255 255 255 255
-15.0425 -17.884
14 0 0
1 0 0
-0.001860903 0.104896 0.04218763
0.01927915 -0.1715017 2.494036
255 255 255 255
-15.1509 -16.6496
10 9 0
0.5 0.5 0
-0.001093578 0.1344883 0.04409514
-0.02281257 1.380834 2.083933
255 255 255 255
-15.0035 -16.6438
9 0 0
1 0 0
-0.04670606 0.1312898 0.03005013
-1.748121 1.075806 1.427135
255 255 255 255
-15.0045 -16.3851
9 0 0
1 0 0
-0.0463234 0.1038253 0.02827514
-1.794425 -0.122057 1.736417
255 255 255 255
-15.1482 -16.3881
17 9 0
0.5 0.5 0
-0.03559107 0.1341451 0.04151263
-0.7029498 1.741318 1.650356
255 255 255 255
-15.0043 -16.5073
9 0 0
1 0 0
-0.03559092 0.1066641 0.03968263
-0.9604126 -0.1549304 2.302956
255 255 255 255
-15.1478 -16.5094
17 9 0
0.5 0.5 0
-0.02409357 0.1335646 0.04068764
-0.6549913 1.295237 2.035521
255 255 255 255
-15.0035 -16.6438
9 0 0
1 0 0
0.006570257 0.3311746 0.03328511
-1.331561 1.325114 1.649551
255 255 255 255
-15.09 -17.8827
14 0 0
1 0 0
0.02190393 0.1335446 0.04082264
0.6252109 1.272349 2.059184
255 255 255 255
-15.0033 -16.6433
9 0 0
1 0 0
0.01040393 0.1322777 0.03623763
0.008631489 2.423879 -0.6121573
255 255 255 255
-15.0043 -16.5073
9 0 0
1 0 0
0.01040392 0.1354302 0.04872014
0.2473136 1.711592 1.80535
255 255 255 255
-15.0047 -16.5073
9 0 0
1 0 0
-0.001093578 0.1344883 0.04409514
-0.02281257 1.380834 2.083933
255 255 255 255
-15.0045 -16.3849
9 0 0
1 0 0
0.01921793 0.3018938 0.04507261
-0.8916017 -0.2194528 2.325271
255 255 255 255
-15.0197 -16.0403
14 0 0
1 0 0
0.01845387 0.2852155 0.04905261
-0.9550239 0.1326404 2.306585
255 255 255 255
-15.0606 -16.0415
14 0 0
0.5 0.5 0
0.05294888 0.2787611 0.04652011
0.622397 -0.2301937 2.410318
255 255 255 255
-15.0607 -16.1634
14 0 0
0.5 0.5 0
0.008870443 0.299744 0.03373511
-1.944378 -0.007491778 1.571413
255 255 255 255
-15.1211 -17.8826
14 0 0
1 0 0
-0.02945779 0.2131779 0.03368512
-0.03618843 -0.1439795 2.495588
255 255 255 255
-15.3442 -14.4517
0 0 0
1 0 0
-0.03290826 0.0807936 0.03198014
-0.4080976 -0.0132177 2.466431
255 255 255 255
-15.3434 -14.9314
9 0 0
1 0 0
-0.00186081 0.08918519 0.03813015
-0.01088214 0.153563 2.495255
255 255 255 255
-15.5426 -14.9206
9 0 0
1 0 0
0.02573722 0.2139901 0.03563263
0.1401433 -0.1683088 2.490388
255 255 255 255
-15.7296 -14.479
0 0 0
1 0 0
0.02458722 0.2371904 0.03937012
0.1519116 -0.1290956 2.492039
255 255 255 255
-15.7282 -14.3978
0 0 0
1 0 0
-0.02945779 0.2325879 0.03587512
-0.06112518 -0.09634377 2.497395
255 255 255 255
-15.3452 -14.3824
0 0 0
1 0 0
-0.03482278 0.3257035 0.0327401
-0.03988288 -0.006828155 2.499673
255 255 255 255
-15.3449 -14.075
0 0 0
1 0 0
0.03148722 0.330271 0.0337676
0.002276441 0.0585479 2.499313
255 255 255 255
-15.7284 -14.0799
0 0 0
1 0 0
-0.02945779 0.3406278 0.0333251
-0.03154358 2.149759 1.275751
255 255 255 255
-15.3421 -14.0641
0 0 0
1 0 0
0.03225221 0.3409517 0.0335576
-0.01677224 2.181255 1.221411
255 255 255 255
-15.7289 -14.0881
0 0 0
1 0 0
0.06406721 0.2362437 0.03255762
0.4340022 -0.09533297 2.460194
255 255 255 255
-15.6903 -15.9139
0 0 0
1 0 0
0.02458722 0.2371904 0.03937012
0.1519116 -0.1290956 2.492039
255 255 255 255
-15.3516 -15.9219
0 0 0
1 0 0
0.07403222 0.2706867 0.03214011
2.173509 -0.2654507 1.206397
255 255 255 255
-15.7323 -15.6223
0 0 0
1 0 0
0.02880174 0.08044279 0.03220014
0.3675716 0.02063097 2.472744
255 255 255 255
-15.732 -14.9609
9 0 0
1 0 0
0.02075435 0.2469248 0.04536262
-0.3792871 -0.2489186 2.458492
255 255 255 255
-15.0351 -16.3134
14 0 0
0.25 0.75 0
0.004654335 0.2581468 0.03740261
-1.902219 -0.6158569 1.500761
255 255 255 255
-15.142 -16.3285
14 0 0
0.25 0.75 0
-0.003778031 0.04189243 0.04665015
-0.0593732 -0.568515 2.433776
255 255 255 255
-15.234 -16.4808
9 0 0
1 0 0
-0.004542775 -0.001395762 0.02026766
-0.03858867 -2.269308 -1.048214
255 255 255 255
-15.1668 -16.5156
9 0 0
1 0 0
-0.001095283 0.1413684 0.04469763
0.03678536 -1.224275 2.179403
255 255 255 255
-15.0045 -16.3851
0 0 0
1 0 0
0.01002222 0.1424686 0.04868514
0.2291935 -1.160357 2.202508
255 255 255 255
-15.0043 -16.5073
0 0 0
1 0 0
0.01040418 0.1753598 0.04723763
0.346694 0.1366001 2.472073
255 255 255 255
-15.1478 -16.5094
13 0 0
0.5 0.5 0
-0.01719306 0.04643019 0.04121265
-1.143203 -0.3244969 2.199498
255 255 255 255
-15.2465 -16.6022
9 0 0
1 0 0
0.04451722 0.1365766 0.03015014
1.442139 -1.084344 1.730443
255 255 255 255
-15.0035 -16.6438
0 0 0
1 0 0
0.03186923 0.1659724 0.04013513
0.8303816 0.2167798 2.348079
255 255 255 255
-15.1478 -16.5094
15 0 0
0.5 0.5 0
0.07633049 0.2912941 0.03382012
0.7352118 -2.192889 0.9490538
255 255 255 255
-15.0218 -16.241
14 0 0
1 0 0
0.05678046 0.2971694 0.04515261
0.1228559 -1.12722 2.228067
255 255 255 255
-15.019 -16.1538
14 0 0
1 0 0
0.07058141 0.2726479 0.03674011
1.220107 -0.2288719 2.170013
255 255 255 255
-15.0631 -16.2473
14 0 0
0.5 0.5 0
-0.01681045 0.02719174 0.03122015
-0.9132668 -2.320843 -0.1721369
255 255 255 255
-15.2151 -16.6105
9 0 0
1 0 0
0.09281051 0.2889288 0.03383511
1.616087 -1.708429 -0.8482543
255 255 255 255
-15.1212 -17.8825
14 0 0
1 0 0
0.08706277 0.3294504 0.03468261
1.57244 1.554835 -1.166156
255 255 255 255
-15.0899 -17.8825
14 0 0
1 0 0
0.008872057 0.02700645 0.03187015
0.7286307 -2.390426 -0.070421
255 255 255 255
-15.2144 -16.386
9 0 0
1 0 0
0.07633049 0.2912941 0.03382012
0.7352118 -2.192889 0.9490538
255 255 255 255
-15.1368 -16.3002
14 0 0
1 0 0
0.07058141 0.2726479 0.03674011
1.220107 -0.2288719 2.170013
255 255 255 255
-15.1379 -16.3059
14 0 0
0.5 0.5 0
0.07173143 0.2693226 0.03565012
1.775987 -0.4038582 1.712533
255 255 255 255
-15.0601 -16.3101
14 0 0
0.5 0.5 0
0.01998712 0.01593928 0.01994516
0.2764473 -2.260299 -1.031808
255 255 255 255
-15.1761 -16.3329
9 0 0
1 0 0
-0.03597321 0.07299106 0.02567014
-0.5080868 -1.982521 -1.435777
255 255 255 255
-15.294 -16.9654
9 0 0
1 0 0
-0.02754038 0.01606795 0.01900015
-0.2435359 -2.260454 -1.039729
255 255 255 255
-15.1774 -16.6909
9 0 0
1 0 0
-0.03214051 0.03865917 0.02774765
-2.036634 -0.8452426 1.178001
255 255 255 255
-15.2404 -16.7444
9 0 0
1 0 0
0.008870443 0.299744 0.03373511
-1.944378 -0.007491778 1.571413
255 255 255 255
-15.1389 -16.3113
14 0 0
1 0 0
0.003888884 0.2813987 0.03532261
-1.892516 0.2939663 1.60685
255 255 255 255
-15.1404 -16.3197
14 0 0
0.5 0.5 0
0.006953879 0.2833112 0.03858261
-0.6118059 0.5875905 2.351687
255 255 255 255
-15.058 -16.3106
14 0 0
0.5 0.5 0
-0.04287293 0.02474792 0.01515515
-0.5900771 -2.2242 -0.9771106
255 255 255 255
-15.1867 -16.8555
9 0 0
1 0 0
-0.0413407 0.07032672 0.03052265
-1.610745 -1.298308 1.40353
255 255 255 255
-15.2388 -16.9411
9 0 0
1 0 0
0.03225221 0.3409517 0.0335576
-0.01677224 2.181255 1.221411
255 255 255 255
-15.7295 -16.0707
0 0 0
1 0 0
0.03225221 0.3281316 0.01170261
-0.002943631 1.216297 -2.184173
255 255 255 255
-15.7344 -16.0231
0 0 0
1 0 0
-0.02945779 0.3406278 0.0333251
-0.03154358 2.149759 1.275751
255 255 255 255
-15.3395 -16.063
0 0 0
1 0 0
-0.02907528 0.3278269 0.01154261
0.0009225114 1.216492 -2.184067
255 255 255 255
-15.347 -16.0155
0 0 0
1 0 0
-0.03099028 0.2388016 0.01366262
0.006661114 -0.05912721 -2.499292
255 255 255 255
-15.3508 -16.3529
0 0 0
1 0 0
0.03033722 0.2390913 0.01377012
0.007467522 -0.06113451 -2.499241
255 255 255 255
-15.7358 -16.3606
0 0 0
1 0 0
-0.03175778 0.202456 0.01452262
0.005361988 0.009805881 -2.499975
255 255 255 255
-15.3523 -16.466
0 0 0
1 0 0
0.02956972 0.2050982 0.01463762
0.00538385 0.006855872 -2.499985
255 255 255 255
-15.7364 -16.4666
0 0 0
1 0 0
-0.05667278 0.2113671 0.03428512
-0.5995838 -0.1153073 2.424294
255 255 255 255
-15.5229 -18.2559
0 0 0
1 0 0
-0.06587029 0.2082695 0.02917013
-2.304796 -0.07706434 0.9653908
255 255 255 255
-15.3713 -18.3234
0 0 0
1 0 0
-0.06778778 0.2636493 0.03154761
-2.065758 -0.003552131 1.408059
255 255 255 255
-15.3787 -18.1604
0 0 0
1 0 0
-0.05590528 0.2303202 0.03605012
-0.5858087 -0.09878225 2.428388
255 255 255 255
-15.5266 -18.1612
0 0 0
1 0 0
-0.02945779 0.2325879 0.03587512
-0.06112518 -0.09634377 2.497395
255 255 255 255
-15.7488 -18.1604
0 0 0
1 0 0
-0.02945779 0.2131779 0.03368512
-0.03618843 -0.1439795 2.495588
255 255 255 255
-15.7486 -18.2078
0 0 0
1 0 0
-0.02945779 0.3406278 0.0333251
-0.03154358 2.149759 1.275751
255 255 255 255
-14.3449 -18.0342
0 0 0
1 0 0
-0.07277029 0.3403215 0.0332376
-1.618765 1.654025 0.9454108
255 255 255 255
-14.729 -18.037
0 0 0
1 0 0
-0.06970277 0.317784 0.03307761
-1.84802 -0.1650242 1.675586
255 255 255 255
-14.7284 -18.0535
0 0 0
1 0 0
-0.06778778 0.2636493 0.03154761
-2.065758 -0.003552131 1.408059
255 255 255 255
-14.7303 -18.2614
0 0 0
1 0 0
0.01308722 0.2140986 0.03356012
1.992874 1.254903 0.8388535
255 255 255 255
-15.1438 -18.1932
0 0 0
1 0 0
-0.01221028 0.1963406 0.04677263
-1.401304 -1.267586 1.63694
255 255 255 255
-15.1372 -18.1821
0 0 0
1 0 0
-0.01910952 0.2936049 0.04287261
0.8706571 -0.7671244 2.21438
255 255 255 255
-15.1212 -17.8825
16 0 0
1 0 0
-0.009144558 0.299658 0.04415261
1.793115 -0.5975341 1.636365
255 255 255 255
-15.0899 -17.8827
16 0 0
1 0 0
-0.007612011 0.2923318 0.03235511
1.982734 -0.3727332 1.476427
255 255 255 255
-15.1211 -17.8827
16 0 0
1 0 0
-0.01106216 0.3171228 0.04418511
1.310714 1.24922 1.723798
255 255 255 255
-15.0423 -17.8843
16 0 0
1 0 0
-0.006462183 0.3212565 0.0325726
1.605115 1.514347 1.174887
255 255 255 255
-15.09 -17.8828
16 0 0
1 0 0
-0.03520968 0.3209942 0.03271011
-0.08705743 2.425202 0.6006782
255 255 255 255
-15.09 -17.8828
16 0 0
1 0 0
-0.03099216 0.3176064 0.0482251
0.328804 1.636423 1.861185
255 255 255 255
-15.0424 -17.8842
16 0 0
1 0 0
-0.03290826 0.0807936 0.03198014
-0.4080976 -0.0132177 2.466431
255 255 255 255
-15.3056 -16.9739
9 0 0
1 0 0
0.009636379 0.2832797 0.03728011
-0.5504118 0.3759949 2.409497
255 255 255 255
-15.1391 -16.3129
14 0 0
0.5 0.5 0
0.01040433 0.2629202 0.04129761
0.4062786 0.6269634 2.385761
255 255 255 255
-15.1396 -16.3156
14 0 0
0.25 0.75 0
0.00810433 0.2619008 0.04364512
-0.7642453 0.2346846 2.368724
255 255 255 255
-15.0347 -16.3115
14 0 0
0.25 0.75 0
0.02036934 0.2521783 0.04253762
0.5143453 0.4407564 2.406488
255 255 255 255
-15.1398 -16.3168
14 0 0
0.25 0.75 0
0.04145185 0.2486616 0.03966262
0.3792897 -0.1140592 2.468427
255 255 255 255
-15.1405 -16.3204
14 0 0
0.25 0.75 0
0.05639934 0.2530226 0.03731262
0.1856559 0.051516 2.492565
255 255 255 255
-15.1403 -16.3195
14 0 0
0.25 0.75 0
0.05984935 0.2462341 0.03946512
0.7569618 -0.2730166 2.366954
255 255 255 255
-15.036 -16.3179
14 0 0
0.25 0.75 0
0.07403142 0.2706795 0.03211261
2.136932 -0.4395068 1.220801
255 255 255 255
-15.1398 -16.3167
14 0 0
0.5 0.5 0
0.04260174 0.1631611 0.02892513
1.824278 0.190928 1.698692
255 255 255 255
-15.1509 -16.6496
15 0 0
0.5 0.5 0
0.02113671 0.1695598 0.03913263
0.6864595 0.1673186 2.398078
255 255 255 255
-15.1509 -16.6496
15 13 0
0.25 0.25 0.5
-0.0003283125 0.1742036 0.04305013
-0.01309352 0.1588418 2.494914
255 255 255 255
-15.1482 -16.3881
13 0 0
0.5 0.5 0
0.06406686 0.2362438 0.03255762
1.108389 -0.9649828 2.022445
255 255 255 255
-15.1437 -16.3382
14 0 0
0.25 0.75 0
0.008870443 0.299744 0.03373511
-1.944378 -0.007491778 1.571413
255 255 255 255
-15.0231 -16.0128
14 0 0
1 0 0
0.009636379 0.2832797 0.03728011
-0.5504118 0.3759949 2.409497
255 255 255 255
-15.0638 -16.0145
14 0 0
0.5 0.5 0
0.01806933 0.2628264 0.04580012
-0.7000435 -0.4609193 2.355312
255 255 255 255
-15.1039 -16.0647
14 0 0
0.25 0.75 0
0.04490184 0.2569807 0.04301762
0.452347 -0.7817947 2.331133
255 255 255 255
-15.1043 -16.1886
14 0 0
0.25 0.75 0
0.04145185 0.2486616 0.03966262
0.3792897 -0.1140592 2.468427
255 255 255 255
-15.1462 -16.2034
14 0 0
0.25 0.75 0
0.05639934 0.2530226 0.03731262
0.1856559 0.051516 2.492565
255 255 255 255
-15.1056 -16.2624
14 0 0
0.25 0.75 0
-0.0240934 0.1051907 0.03880014
-0.61756 -0.1666093 2.416788
255 255 255 255
-15.1509 -16.6496
17 10 9
0.25 0.25 0.5
0.02036934 0.2521783 0.04253762
0.5143453 0.4407564 2.406488
255 255 255 255
-15.1458 -16.0794
14 0 0
0.25 0.75 0
0.01040433 0.2629202 0.04129761
0.4062786 0.6269634 2.385761
255 255 255 255
-15.1051 -16.0177
14 0 0
0.25 0.75 0
-0.02179379 0.1709235 0.03904762
-0.747382 0.2212643 2.375387
255 255 255 255
-15.1482 -16.3881
13 12 0
0.5 0.5 0
-0.06357107 0.2671062 0.03673011
-1.167982 0.243277 2.19696
255 255 255 255
-15.1442 -16.3409
16 0 0
0.5 0.5 0
-0.06165566 0.2504166 0.04067762
-1.304909 -0.1749255 2.125233
255 255 255 255
-15.0406 -16.3414
16 0 0
0.25 0.75 0
-0.05667315 0.250252 0.04131012
-0.3918189 -0.1917668 2.461647
255 255 255 255
-15.1439 -16.3388
16 0 0
0.25 0.75 0
-0.01604316 0.2578824 0.03996512
1.150675 -0.3779916 2.187023
255 255 255 255
-15.0379 -16.3278
16 0 0
0.25 0.75 0
-0.01067566 0.2564993 0.03384262
1.784697 -0.6654643 1.619264
255 255 255 255
-15.1443 -16.3411
16 0 0
0.25 0.75 0
-0.01259359 0.272844 0.03826762
1.008632 0.09796272 2.285402
255 255 255 255
-15.1408 -16.322
16 0 0
0.5 0.5 0
-0.03060816 0.2516431 0.04159512
0.1976517 -0.4173247 2.456985
255 255 255 255
-15.1425 -16.3313
16 0 0
0.25 0.75 0
-0.02064317 0.2601112 0.04072012
0.7861239 -0.2597263 2.35893
255 255 255 255
-15.1415 -16.3259
16 0 0
0.25 0.75 0
-0.06778944 0.2799564 0.03224761
-1.520007 -1.717306 0.9952077
255 255 255 255
-15.0268 -16.0504
16 0 0
1 0 0
-0.06357107 0.2671062 0.03673011
-1.167982 0.243277 2.19696
255 255 255 255
-15.0871 -16.0596
16 0 0
0.5 0.5 0
-0.05667315 0.250252 0.04131012
-0.3918189 -0.1917668 2.461647
255 255 255 255
-15.1405 -16.0926
16 0 0
0.25 0.75 0
-0.05437316 0.2594088 0.04526262
-0.8789877 -0.5315897 2.279209
255 255 255 255
-15.106 -16.0877
16 0 0
0.25 0.75 0
-0.02792567 0.261014 0.04511512
0.6359959 -0.705 2.312679
255 255 255 255
-15.1053 -16.1999
16 0 0
0.25 0.75 0
-0.03060816 0.2516431 0.04159512
0.1976517 -0.4173247 2.456985
255 255 255 255
-15.1473 -16.2156
16 0 0
0.25 0.75 0
-0.02064317 0.2601112 0.04072012
0.7861239 -0.2597263 2.35893
255 255 255 255
-15.1062 -16.2694
16 0 0
0.25 0.75 0
-0.02179379 0.1709235 0.03904762
-0.747382 0.2212643 2.375387
255 255 255 255
-15.1509 -16.6496
13 12 0
0.5 0.5 0
0.04451644 0.131222 0.03487012
-0.142352 -0.1870369 2.488926
255 255 255 255
-15.9686 -17.6603
15 11 0
0.5 0.5 0
0.0207541 0.104873 0.03891264
0.6303185 -0.194653 2.411392
255 255 255 255
-15.1509 -16.6496
11 10 9
0.25 0.25 0.5
0.0207541 0.104873 0.03891264
0.6303185 -0.194653 2.411392
255 255 255 255
-15.1482 -16.3881
11 10 9
0.25 0.25 0.5
-0.0240934 0.1051907 0.03880014
-0.61756 -0.1666093 2.416788
255 255 255 255
-15.1482 -16.3881
17 10 9
0.25 0.25 0.5
0.02113722 0.1401164 0.04151513
0.4217648 -1.113332 2.198319
255 255 255 255
-15.0035 -16.6438
0 0 0
1 0 0
398 # faces
0 2 1
3 5 4
6 8 7
5 10 9
11 13 12
14 15 6
12 17 16
18 15 14
19 21 20
20 21 22
23 25 24
26 27 14
25 29 28
30 27 26
31 33 32
32 33 34
35 37 36
36 37 38
37 39 38
39 40 38
38 40 41
40 39 41
42 44 43
45 47 46
48 47 45
49 51 50
52 49 50
53 49 52
54 30 26
55 56 53
57 55 53
58 55 57
59 30 54
60 61 58
62 61 60
63 62 60
64 66 65
7 67 63
68 66 69
70 72 71
73 75 74
71 74 76
72 73 74
72 74 71
77 79 78
69 66 64
80 82 81
81 82 83
83 82 84
82 85 84
85 86 84
84 86 83
83 86 81
86 87 81
81 87 80
88 90 89
89 90 91
92 69 64
93 95 94
96 93 94
97 93 96
98 100 99
101 100 98
102 101 98
103 101 102
104 103 102
105 103 104
106 108 107
109 106 107
102 110 104
111 110 102
98 111 102
112 111 98
99 112 98
113 112 99
114 112 113
115 116 92
117 119 118
64 115 92
120 115 64
65 120 64
121 123 122
44 42 124
125 127 126
128 93 129
129 93 97
130 132 131
131 132 133
134 125 126
135 125 134
136 138 137
139 135 134
138 141 140
142 139 134
143 145 144
146 142 134
147 146 134
148 150 149
126 147 134
151 150 152
153 147 126
154 153 126
155 156 152
127 154 126
157 154 127
158 160 159
161 154 157
162 163 159
153 154 161
164 153 161
165 167 166
166 167 168
169 171 170
170 171 172
57 53 173
173 53 174
174 53 175
53 52 175
52 50 175
50 176 175
176 177 175
175 177 174
178 164 161
174 179 173
179 180 173
173 180 181
157 178 161
181 183 182
183 63 182
63 60 182
60 58 182
182 58 181
58 57 181
181 57 173
184 186 185
185 186 187
186 188 187
42 43 189
189 43 190
43 191 190
190 191 192
191 193 192
192 193 194
194 193 195
193 196 195
195 196 184
184 196 186
186 196 188
196 44 188
44 197 43
197 191 43
44 198 188
188 198 187
187 198 124
198 44 124
199 89 200
201 178 157
202 59 203
59 54 203
54 26 203
203 26 204
26 14 204
204 14 205
14 6 205
205 6 206
6 7 206
206 7 207
7 63 207
63 208 207
208 209 207
207 209 206
206 209 205
210 178 201
211 212 205
205 212 204
204 212 203
65 214 213
120 65 213
59 202 215
208 63 216
217 219 218
218 219 76
219 71 76
220 222 221
223 225 224
226 222 220
224 228 227
229 231 230
230 231 232
233 235 234
234 235 236
76 74 75
237 239 238
240 76 75
239 242 241
243 245 244
218 76 240
245 247 246
248 218 240
249 251 250
250 251 252
253 255 254
75 248 240
256 248 75
73 256 75
257 259 258
260 259 257
261 260 257
262 261 257
263 261 262
264 261 263
265 264 263
266 264 265
267 268 131
133 267 131
269 267 133
259 260 270
2 272 271
116 69 92
273 36 274
275 277 276
35 36 273
278 35 273
77 280 279
274 278 273
281 283 282
284 278 274
282 255 253
71 219 285
285 219 286
219 217 286
217 70 286
286 70 285
70 71 285
287 284 274
288 290 289
36 287 274
291 287 36
38 291 36
41 291 38
287 291 41
284 287 41
292 284 41
293 284 292
278 284 293
294 278 293
292 294 293
295 297 296
298 294 292
299 298 292
300 302 301
302 303 301
303 304 301
301 304 305
304 306 305
305 306 307
307 306 47
306 46 47
109 309 308
309 310 308
310 311 308
311 312 308
312 313 308
313 106 308
308 106 109
314 315 113
113 315 114
315 316 114
316 317 114
114 317 112
317 111 112
42 189 124
189 318 124
124 318 187
318 185 187
44 319 197
197 319 191
191 319 193
193 319 196
319 44 196
80 87 320
87 321 320
320 321 322
321 323 322
322 323 324
324 323 325
325 323 326
323 321 326
321 87 326
87 86 326
86 85 326
326 85 325
35 278 327
278 294 327
327 294 299
294 298 299
8 67 7
296 297 272
328 297 295
329 297 328
330 297 329
331 330 329
271 330 331
332 271 331
1 271 332
333 1 332
334 1 333
289 334 333
290 334 289
335 290 288
283 255 282
280 336 279
4 5 9
277 337 276
338 277 275
271 272 330
1 2 271
15 8 6
334 0 1
339 0 334
290 339 334
335 339 290
254 340 253
341 340 254
342 341 254
343 342 254
344 342 343
345 344 343
283 345 343
255 283 343
254 255 343
246 247 346
244 245 246
238 239 241
13 17 12
344 347 342
347 348 342
342 348 341
225 228 224
349 225 223
350 352 351
212 202 203
209 211 205
200 89 91
180 183 181
177 179 174
159 151 152
163 151 159
160 162 159
156 158 159
152 156 159
145 155 152
150 145 152
149 150 151
144 150 148
145 150 144
140 141 351
137 138 140
353 136 137
354 136 353
123 351 141
122 123 141
350 123 121
351 123 350
118 119 354
355 117 118
352 140 351
137 140 352
356 137 352
357 137 356
353 137 357
355 353 357
118 353 355
354 353 118
200 358 199
359 358 200
360 359 200
361 360 200
91 361 200
362 361 91
360 361 362
363 360 362
364 363 362
90 364 362
91 90 362
17 365 16
67 62 63
366 30 59
61 55 58
56 49 53
28 29 367
24 25 28
27 18 14
297 330 272
368 3 4
78 280 77
369 237 238
337 370 276
7_Feather2_0.1_16_16
1 # uv layers
1 # textures
Yellow Feather.tga
0 # uv layer index
12 # vertices
0.01500289 0.3072865 -0.01011742
-1.95294 -0.7813252 -1.351131
255 255 255 255
-17.9765 -18.9881
3 0 0
1 0 0
-0.0152772 0.323338 0.02436757
-0.4732008 -0.8520541 -2.302191
255 255 255 255
-17.4764 -18.9881
3 0 0
1 0 0
-0.02064577 0.5185261 -0.08074501
-1.95683 -0.7790924 -1.346786
255 255 255 255
-17.9765 -18.0123
3 0 0
1 0 0
-0.05437458 0.3013086 0.006617592
1.240786 -0.5005158 -2.111856
255 255 255 255
-16.9825 -18.9881
3 0 0
1 0 0
-0.08963826 0.5131372 -0.06430499
1.238502 -0.501885 -2.112871
255 255 255 255
-16.9837 -18.0042
3 0 0
1 0 0
-0.05092587 0.5366627 -0.04721001
-0.4696404 -0.8512841 -2.303205
255 255 255 255
-17.4721 -18.0077
3 0 0
1 0 0
0.01500289 0.3072865 -0.01011742
1.95294 0.7813252 1.351131
255 255 255 255
-17.9765 -18.9881
3 0 0
1 0 0
-0.02064577 0.5185261 -0.08074501
1.95683 0.7790924 1.346786
255 255 255 255
-17.9765 -18.0123
3 0 0
1 0 0
-0.0152772 0.323338 0.02436757
0.4732008 0.8520541 2.302191
255 255 255 255
-17.4764 -18.9881
3 0 0
1 0 0
-0.05092587 0.5366627 -0.04721001
0.4696404 0.8512841 2.303205
255 255 255 255
-17.4721 -18.0077
3 0 0
1 0 0
-0.08963826 0.5131372 -0.06430499
-1.238502 0.501885 2.112871
255 255 255 255
-16.9837 -18.0042
3 0 0
1 0 0
-0.05437458 0.3013086 0.006617592
-1.240786 0.5005158 2.111856
255 255 255 255
-16.9825 -18.9881
3 0 0
1 0 0
8 # faces
0 2 1
1 4 3
5 4 1
2 5 1
6 8 7
7 8 9
9 8 10
8 11 10
7_Feather3_0.1_16_16
1 # uv layers
1 # textures
Orange Feather.tga
0 # uv layer index
12 # vertices
0.0107853 0.3237869 0.02488509
0.1127135 0.6385448 2.414448
255 255 255 255
-17.4764 -18.9881
5 0 0
1 0 0
0.03378158 0.5242582 -0.05879245
-1.509457 0.9126332 1.771621
255 255 255 255
-16.9837 -18.0042
5 0 0
1 0 0
-0.02332717 0.3187303 -0.00176991
-1.51573 0.911383 1.766902
255 255 255 255
-16.9825 -18.9881
5 0 0
1 0 0
0.06866154 0.5311804 -0.03266496
0.02975256 0.6607105 2.410929
255 255 255 255
-17.4721 -18.0077
5 0 0
1 0 0
0.09855922 0.5024374 -0.05731745
1.629359 0.07130513 1.894758
255 255 255 255
-17.9765 -18.0123
5 0 0
1 0 0
0.04145046 0.2969094 -0.0002949042
1.62484 0.07523889 1.898482
255 255 255 255
-17.9765 -18.9881
5 0 0
1 0 0
0.06866154 0.5311804 -0.03266496
-0.02975256 -0.6607105 -2.410929
255 255 255 255
-17.4721 -18.0077
5 0 0
1 0 0
0.0107853 0.3237869 0.02488509
-0.1127135 -0.6385448 -2.414448
255 255 255 255
-17.4764 -18.9881
5 0 0
1 0 0
0.03378158 0.5242582 -0.05879245
1.509457 -0.9126332 -1.771621
255 255 255 255
-16.9837 -18.0042
5 0 0
1 0 0
0.09855922 0.5024374 -0.05731745
-1.629359 -0.07130513 -1.894758
255 255 255 255
-17.9765 -18.0123
5 0 0
1 0 0
0.04145046 0.2969094 -0.0002949042
-1.62484 -0.07523889 -1.898482
255 255 255 255
-17.9765 -18.9881
5 0 0
1 0 0
-0.02332717 0.3187303 -0.00176991
1.51573 -0.911383 -1.766902
255 255 255 255
-16.9825 -18.9881
5 0 0
1 0 0
8 # faces
0 2 1
3 0 1
4 0 3
5 0 4
6 8 7
9 6 7
10 9 7
7 8 11
7_Feather4_0.1_16_16
1 # uv layers
1 # textures
Purple Feather.tga
0 # uv layer index
12 # vertices
0.1729198 0.4049006 -0.06489737
-1.471178 0.2231565 -2.008939
255 255 255 255
-17.9765 -18.0123
7 0 0
1 0 0
0.0372328 0.3239172 0.02547266
-0.3539625 -1.017411 -2.256011
255 255 255 255
-17.4764 -18.9881
7 0 0
1 0 0
0.1556696 0.4452877 -0.04776238
-0.2624754 -1.091676 -2.233685
255 255 255 255
-17.4721 -18.0077
7 0 0
1 0 0
0.01078526 0.3298844 -0.001339841
1.001576 -1.8186 -1.392674
255 255 255 255
-16.9825 -18.9881
7 0 0
1 0 0
0.1284571 0.4501442 -0.07375237
1.003515 -1.818749 -1.391082
255 255 255 255
-16.9837 -18.0042
7 0 0
1 0 0
0.05563302 0.2840072 0.007657664
-1.469935 0.2196249 -2.010237
255 255 255 255
-17.9765 -18.9881
7 0 0
1 0 0
0.1556696 0.4452877 -0.04776238
0.2624754 1.091676 2.233685
255 255 255 255
-17.4721 -18.0077
7 0 0
1 0 0
0.1284571 0.4501442 -0.07375237
-1.003515 1.818749 1.391082
255 255 255 255
-16.9837 -18.0042
7 0 0
1 0 0
0.0372328 0.3239172 0.02547266
0.3539625 1.017411 2.256011
255 255 255 255
-17.4764 -18.9881
7 0 0
1 0 0
0.1729198 0.4049006 -0.06489737
1.471178 -0.2231565 2.008939
255 255 255 255
-17.9765 -18.0123
7 0 0
1 0 0
0.05563302 0.2840072 0.007657664
1.469935 -0.2196249 2.010237
255 255 255 255
-17.9765 -18.9881
7 0 0
1 0 0
0.01078526 0.3298844 -0.001339841
-1.001576 1.8186 1.392674
255 255 255 255
-16.9825 -18.9881
7 0 0
1 0 0
8 # faces
0 2 1
1 4 3
5 0 1
6 8 7
9 8 6
10 8 9
2 4 1
8 11 7
7_Feather1_0.1_16_16
1 # uv layers
1 # textures
Red Feather.tga
0 # uv layer index
12 # vertices
-0.00684472 0.3281449 -0.01004742
1.179046 2.009669 0.9061356
255 255 255 255
-17.9765 -18.9881
1 0 0
1 0 0
-0.1490478 0.43146 -0.05415247
1.180107 2.009753 0.904568
255 255 255 255
-17.9765 -18.0123
1 0 0
1 0 0
-0.0248597 0.3232914 0.02415758
0.1945801 1.206477 2.180952
255 255 255 255
-17.4764 -18.9881
1 0 0
1 0 0
-0.1862275 0.3851409 -0.03029246
-0.8533797 -0.162758 2.344196
255 255 255 255
-16.9837 -18.0042
1 0 0
1 0 0
-0.04440696 0.2812417 0.01413509
-0.8531851 -0.1621507 2.344309
255 255 255 255
-16.9825 -18.9881
1 0 0
1 0 0
-0.1678303 0.4274185 -0.02065748
0.2404289 1.254936 2.148797
255 255 255 255
-17.4721 -18.0077
1 0 0
1 0 0
-0.00684472 0.3281449 -0.01004742
-1.179046 -2.009669 -0.9061356
255 255 255 255
-17.9765 -18.9881
1 0 0
1 0 0
-0.0248597 0.3232914 0.02415758
-0.1945801 -1.206477 -2.180952
255 255 255 255
-17.4764 -18.9881
1 0 0
1 0 0
-0.1490478 0.43146 -0.05415247
-1.180107 -2.009753 -0.904568
255 255 255 255
-17.9765 -18.0123
1 0 0
1 0 0
-0.1678303 0.4274185 -0.02065748
-0.2404289 -1.254936 -2.148797
255 255 255 255
-17.4721 -18.0077
1 0 0
1 0 0
-0.1862275 0.3851409 -0.03029246
0.8533797 0.162758 -2.344196
255 255 255 255
-16.9837 -18.0042
1 0 0
1 0 0
-0.04440696 0.2812417 0.01413509
0.8531851 0.1621507 -2.344309
255 255 255 255
-16.9825 -18.9881
1 0 0
1 0 0
8 # faces
0 2 1
2 4 3
1 2 5
5 2 3
6 8 7
8 9 7
9 10 7
7 10 11
