14 # bones
root hips
-1
0 0 0
string right
0
-0.1548814 0.3727338 -0.003649676
unused right string-nub
1
-0.1548814 0.2887048 -0.006420636
string left
0
0.1569357 0.3727337 -0.007684093
unused left string-nub
3
0.155715 0.2887047 -0.009304507
head eyebrow left
0
0.06884224 0.2387104 0.05666307
head lip lower right
12
-0.07680175 0.08992187 0.0677196
head lip upper middle
0
0.008874898 0.132211 0.07932846
head lip upper right
0
-0.05071417 0.145392 0.06901354
head eyebrow right
0
-0.05302387 0.2381464 0.05807908
head lip lower middle
12
0.008874853 0.07729001 0.07932849
head lip upper left
0
0.06516892 0.145392 0.06901354
head jaw
0
0.006319577 0.0534316 0.06512573
head lip lower left
12
0.09427681 0.08854873 0.0677196
1 # meshes
5_Mask_0.1_16_16
1 # uv layers
1 # textures
Uka Uka.bmp
0 # uv layer index
782 # vertices
-0.09270422 0.3374593 0.03656331
-0.4118809 -0.02351319 0.9109343
255 255 255 255
-15.78899 -14.97302
0 0 0
1 0 0
-0.07588327 0.3592323 0.04325145
-0.2358746 0.03815785 0.971034
255 255 255 255
-15.77259 -14.52682
0 0 0
1 0 0
-0.1116794 0.3920486 0.02651013
-0.4277991 0.5845788 0.6893878
255 255 255 255
-15.70806 -14.97445
0 0 0
1 0 0
-0.0367513 0.4063028 0.05033528
-0.1209715 0.6538172 0.7469198
255 255 255 255
-15.70679 -14.0282
0 0 0
1 0 0
-0.03481206 0.3072051 0.05137976
-0.1416289 0.003332797 0.9899142
255 255 255 255
-15.86373 -14.0484
0 0 0
1 0 0
-0.03310594 0.3285731 0.05161717
-0.0856788 0.01751482 0.9961688
255 255 255 255
-15.78456 -14.02811
0 0 0
1 0 0
-0.128815 0.2869343 0.005924829
-0.824088 -0.1399054 0.548913
255 255 255 255
-15.24228 -16.4888
0 0 0
1 0 0
-0.07598829 0.2719345 0.0437754
-0.3163569 -0.01695446 0.9484887
255 255 255 255
-15.23617 -16.48976
0 0 0
1 0 0
-0.140942 0.3461984 -8.04062E-05
-0.8292091 -0.14272 0.5404103
255 255 255 255
-15.24207 -16.04408
0 0 0
1 0 0
-0.09270422 0.3374593 0.03656331
-0.4118809 -0.02351319 0.9109343
255 255 255 255
-15.23671 -16.04542
0 0 0
1 0 0
-0.07588327 0.3592323 0.04325145
-0.2358746 0.03815785 0.971034
255 255 255 255
-15.23539 -16.04575
0 0 0
1 0 0
-0.06661482 0.2825091 0.04526263
-0.1395512 0.008369915 0.9901794
255 255 255 255
-15.23572 -16.48983
0 0 0
1 0 0
-0.03481206 0.3072051 0.05137976
-0.1416289 0.003332797 0.9899142
255 255 255 255
-15.23459 -16.04596
0 0 0
1 0 0
-0.02214174 0.2555428 0.054022
-0.07656418 -0.01030975 0.9970114
255 255 255 255
-15.23436 -16.49005
0 0 0
1 0 0
-0.01566078 0.276071 0.05476971
-0.04352037 0.01029512 0.9989995
255 255 255 255
-15.23392 -16.49012
0 0 0
1 0 0
-0.03310594 0.3285731 0.05161717
-0.0856788 0.01751482 0.9961688
255 255 255 255
-15.23429 -16.04603
0 0 0
1 0 0
0.03023281 0.2758698 0.05434912
0.0627915 0.0083459 0.9979917
255 255 255 255
-15.23362 -16.49017
0 0 0
1 0 0
0.0473016 0.3286768 0.05082102
0.0950173 0.01687218 0.9953326
255 255 255 255
-15.23382 -16.04615
0 0 0
1 0 0
0.04891699 0.3071159 0.05056041
0.161806 0.001680458 0.9868212
255 255 255 255
-15.2341 -16.04608
0 0 0
1 0 0
0.03603648 0.255603 0.0534271
0.09166885 -0.008945483 0.9957494
255 255 255 255
-15.23399 -16.4901
0 0 0
1 0 0
0.07908542 0.2823116 0.04382793
0.1615005 0.004832556 0.9868608
255 255 255 255
-15.23478 -16.48998
0 0 0
1 0 0
0.08919727 0.3592947 0.04161413
0.2708986 0.03796312 0.961859
255 255 255 255
-15.23443 -16.04599
0 0 0
1 0 0
0.08769611 0.2715655 0.04217286
0.3715511 -0.02311783 0.9281246
255 255 255 255
-15.23512 -16.48993
0 0 0
1 0 0
0.1040789 0.3373232 0.03460739
0.4806349 -0.03710041 0.8761356
255 255 255 255
-15.23557 -16.04571
0 0 0
1 0 0
0.1433627 0.3458052 -0.003035102
0.9150077 -0.1692577 0.3662142
255 255 255 255
-15.24044 -16.04448
0 0 0
1 0 0
0.1318457 0.2864257 0.003234157
0.910185 -0.1622099 0.3811181
255 255 255 255
-15.24062 -16.48907
0 0 0
1 0 0
-0.04278497 0.07378031 0.033493
0.09630363 -0.6630381 -0.7423652
255 255 255 255
-14.99215 -14.04389
12 0 0
1 0 0
0.04900222 0.07337823 0.03256348
-0.1170211 -0.6684119 -0.7345281
255 255 255 255
-14.98652 -14.90778
12 0 0
1 0 0
-0.0412552 0.07169353 0.04598103
0.1470738 -0.6348491 -0.758509
255 255 255 255
-14.97359 -14.04028
12 0 0
1 0 0
0.05053183 0.07129144 0.04509551
-0.1648048 -0.6396207 -0.7508161
255 255 255 255
-14.96791 -14.90773
12 0 0
1 0 0
-0.1581111 0.304208 -0.005049014
0.7654036 0.09235901 -0.6368887
255 255 255 255
-15.27396 -16.41387
1 0 0
1 0 0
-0.1494338 0.3100587 0.002266769
0.6881505 -0.1008356 -0.718527
255 255 255 255
-15.27399 -16.41393
1 0 0
1 0 0
-0.1557665 0.2956699 0.01153507
0.2308872 -0.9072992 0.3514246
255 255 255 255
-15.29715 -16.39651
1 0 0
1 0 0
-0.14272 0.3172517 0.01086444
0.884708 0.1973547 -0.4223066
255 255 255 255
-15.27402 -16.414
1 0 0
1 0 0
-0.1650631 0.3193668 -0.002128431
-0.3087632 0.792145 -0.5264708
255 255 255 255
-15.29709 -16.39619
1 0 0
1 0 0
-0.1601072 0.3329644 0.006705287
-0.2556393 0.8972591 -0.359965
255 255 255 255
-15.29714 -16.39646
1 0 0
1 0 0
-0.1534079 0.3314997 0.01688025
0.154233 0.9217337 0.3558356
255 255 255 255
-15.2972 -16.39673
1 0 0
1 0 0
-0.1441156 0.3168207 0.03081322
0.4710264 0.2114478 0.8564017
255 255 255 255
-15.29726 -16.39708
1 0 0
1 0 0
-0.1483285 0.2891928 0.02318226
0.2154306 -0.9246711 0.3139635
255 255 255 255
-15.29721 -16.39681
1 0 0
1 0 0
-0.1639101 0.3154574 0.02161452
-0.6983525 0.1098963 0.707267
255 255 255 255
-15.27405 -16.41407
1 0 0
1 0 0
-0.1682657 0.3083834 0.01188095
-0.8652428 -0.1325269 0.48352
255 255 255 255
-15.27401 -16.41399
1 0 0
1 0 0
-0.1708291 0.303204 0.00157227
-0.7866903 0.04540005 0.6156762
255 255 255 255
-15.27398 -16.41391
1 0 0
1 0 0
-0.1890083 0.3159901 -0.01846623
-0.909077 0.07186136 0.4103838
255 255 255 255
-15.27392 -16.41376
1 0 0
1 0 0
-0.1767332 0.3342865 -0.01981736
0.07766297 0.9746484 0.209831
255 255 255 255
-15.29701 -16.39575
1 0 0
1 0 0
-0.1862777 0.3269495 -0.03553434
-0.4379036 0.493889 -0.7512084
255 255 255 255
-15.29692 -16.39531
1 0 0
1 0 0
-0.16829 0.3177607 -0.02888338
0.701045 0.1742399 -0.6915029
255 255 255 255
-15.27389 -16.4137
1 0 0
1 0 0
-0.1827708 0.2964672 -0.03076972
-0.3099187 -0.7700222 -0.5576884
255 255 255 255
-15.29694 -16.39537
1 0 0
1 0 0
0.1756991 0.2890071 0.002707843
0.8550424 0.01653233 0.5182945
255 255 255 255
-15.27404 -16.41405
3 0 0
1 0 0
0.1704527 0.2898236 -0.01249372
0.3441522 -0.4376692 -0.8306653
255 255 255 255
-15.29711 -16.39631
3 0 0
1 0 0
0.172187 0.2927974 -0.01510935
0.2353549 -0.7839187 -0.5745255
255 255 255 255
-15.2971 -16.39625
3 0 0
1 0 0
0.1547517 0.2915534 -0.009157322
-0.8198324 0.1411358 -0.5549374
255 255 255 255
-15.27399 -16.41395
3 0 0
1 0 0
0.1588591 0.3033045 -0.006626973
-0.7915526 0.09822977 -0.6031545
255 255 255 255
-15.27401 -16.41398
3 0 0
1 0 0
0.1614799 0.3074049 -0.01806165
-0.8955124 -0.02418054 -0.4443792
255 255 255 255
-15.27397 -16.4139
3 0 0
1 0 0
0.1671361 0.3167089 -0.02962084
-0.7044556 0.2030292 -0.6800894
255 255 255 255
-15.27394 -16.41382
3 0 0
1 0 0
0.1805835 0.2950259 -0.03027543
0.2518443 -0.774864 -0.5797932
255 255 255 255
-15.29703 -16.39586
3 0 0
1 0 0
0.1890084 0.3145701 -0.01730098
0.9267104 0.06259056 0.370527
255 255 255 255
-15.27398 -16.41392
3 0 0
1 0 0
0.1814652 0.3051705 -0.006800935
0.7378064 -0.1924783 0.6469883
255 255 255 255
-15.27401 -16.41399
3 0 0
1 0 0
0.1726541 0.3018382 0.001246526
0.8158458 -0.01386757 0.5781032
255 255 255 255
-15.27403 -16.41404
3 0 0
1 0 0
0.1579013 0.294599 0.009864664
-0.2679322 -0.88456 0.3817928
255 255 255 255
-15.29722 -16.39688
3 0 0
1 0 0
0.1597358 0.2867559 0.006095401
-0.4391541 -0.2069556 0.8742501
255 255 255 255
-15.2972 -16.39677
3 0 0
1 0 0
0.150968 0.3093976 -7.739756E-06
-0.710842 -0.08776124 -0.697855
255 255 255 255
-15.27403 -16.41403
3 0 0
1 0 0
0.1665691 0.3184838 -0.00303543
0.3212872 0.7620675 -0.5621634
255 255 255 255
-15.29717 -16.39661
3 0 0
1 0 0
0.1453593 0.3170492 0.008004245
-0.8953938 0.233663 -0.3790402
255 255 255 255
-15.27405 -16.41409
3 0 0
1 0 0
0.1516018 0.2885084 0.02081634
-0.2209451 -0.9225594 0.3163343
255 255 255 255
-15.29727 -16.39715
3 0 0
1 0 0
0.1677222 0.3145744 0.02072185
0.7083889 0.1090731 0.6973437
255 255 255 255
-15.2741 -16.41419
3 0 0
1 0 0
0.1486998 0.3164971 0.02815701
-0.4417766 0.2178678 0.8702685
255 255 255 255
-15.29732 -16.3974
3 0 0
1 0 0
0.1569197 0.330981 0.01502872
-0.1362533 0.9132309 0.3839848
255 255 255 255
-15.29727 -16.3971
3 0 0
1 0 0
-0.154151 0.2741091 -0.007414606
0.8291596 0.02315837 -0.5585319
255 255 255 255
-15.27395 -16.41383
1 0 0
1 0 0
-0.1548138 0.2062614 -0.005192953
0.8029999 0.04201021 -0.5944967
255 255 255 255
-15.27394 -16.41381
1 0 0
1 0 0
-0.1702669 0.2747357 -0.01215774
-0.4494658 -0.03418481 -0.8926433
255 255 255 255
-15.29702 -16.39582
1 0 0
1 0 0
-0.169219 0.2192392 -0.01336015
-0.3345164 0.7976041 -0.5019228
255 255 255 255
-15.29699 -16.39567
1 0 0
1 0 0
-0.1678325 0.2019952 0.001448455
-0.7905493 -0.1191764 0.6006903
255 255 255 255
-15.27395 -16.41385
1 0 0
1 0 0
-0.1739269 0.2723861 0.002586392
-0.8495597 -0.04497801 0.5255715
255 255 255 255
-15.27397 -16.4139
1 0 0
1 0 0
-0.1537037 0.2120891 0.01050594
0.3060974 0.7137007 0.6300284
255 255 255 255
-15.29711 -16.3963
1 0 0
1 0 0
-0.1576392 0.2685215 0.007453006
0.4442206 0.04926671 0.8945618
255 255 255 255
-15.29712 -16.39634
1 0 0
1 0 0
-0.146375 0.198753 0.002080532
0.7132627 0.1550385 -0.6835345
255 255 255 255
-15.27396 -16.41386
1 0 0
1 0 0
-0.1615235 0.1900502 -0.0025033
-0.2877831 -0.7140957 -0.63816
255 255 255 255
-15.29704 -16.3959
1 0 0
1 0 0
-0.1392746 0.1897341 0.01045648
0.8805473 -0.1110942 -0.4607542
255 255 255 255
-15.27398 -16.41392
1 0 0
1 0 0
-0.1457601 0.2139341 0.02328631
0.2364041 0.8623667 0.4477016
255 255 255 255
-15.29718 -16.39665
1 0 0
1 0 0
-0.160447 0.1875798 0.02117722
-0.7147377 -0.207052 0.6680415
255 255 255 255
-15.27401 -16.41399
1 0 0
1 0 0
-0.1404228 0.1846255 0.03030123
0.4830304 -0.3063768 0.820253
255 255 255 255
-15.2972 -16.39677
1 0 0
1 0 0
-0.1492861 0.1733556 0.01615438
0.1416951 -0.9730828 0.1817477
255 255 255 255
-15.29712 -16.39636
1 0 0
1 0 0
-0.1554956 0.1744838 0.00599784
-0.2327832 -0.8328158 -0.5022249
255 255 255 255
-15.29707 -16.39609
1 0 0
1 0 0
-0.1652068 0.1970778 0.01165037
-0.8737937 0.05971772 0.4826162
255 255 255 255
-15.27398 -16.41392
1 0 0
1 0 0
-0.1744078 0.2903971 0.002788328
-0.8468463 0.05621095 0.5288589
255 255 255 255
-15.27398 -16.41391
1 0 0
1 0 0
-0.1722208 0.2937543 -0.01474574
-0.239461 -0.8005824 -0.5492961
255 255 255 255
-15.29702 -16.39579
1 0 0
1 0 0
-0.1706529 0.2909484 -0.01199367
-0.3619514 -0.4686334 -0.8058375
255 255 255 255
-15.29703 -16.39586
1 0 0
1 0 0
-0.1546324 0.2921197 -0.007241667
0.8137528 0.1014782 -0.5722836
255 255 255 255
-15.27395 -16.41385
1 0 0
1 0 0
-0.1581778 0.287612 0.007637885
0.4377485 -0.2261087 0.8702018
255 255 255 255
-15.29713 -16.39639
1 0 0
1 0 0
-0.1804741 0.306683 -0.007242691
-0.7147611 -0.163237 0.6800517
255 255 255 255
-15.27395 -16.41385
1 0 0
1 0 0
-0.1616231 0.3079981 -0.01672418
0.8675526 -0.02948865 -0.4964705
255 255 255 255
-15.27393 -16.41378
1 0 0
1 0 0
-0.1683467 0.3188401 -0.007037344
0.196721 0.84878 0.4907885
255 255 255 255
-15.29707 -16.39606
1 0 0
1 0 0
0.1538174 0.2734705 -0.009382454
-0.8387935 0.04213151 -0.5428171
255 255 255 255
-15.27399 -16.41394
3 0 0
1 0 0
0.1694236 0.2735393 -0.01269497
0.4302868 -0.04171054 -0.901728
255 255 255 255
-15.29711 -16.39626
3 0 0
1 0 0
0.1531742 0.2052632 -0.007087114
-0.847042 0.09820738 -0.5223746
255 255 255 255
-15.27398 -16.41391
3 0 0
1 0 0
0.1671696 0.2178752 -0.01401881
0.3480923 0.7512639 -0.5607445
255 255 255 255
-15.29708 -16.3961
3 0 0
1 0 0
0.1555901 0.2043036 -0.01843856
-0.8813595 0.1714103 -0.4402545
255 255 255 255
-15.27394 -16.41383
3 0 0
1 0 0
0.1624854 0.1902241 -0.00839356
-0.2652932 -0.9071233 0.3267215
255 255 255 255
-15.29709 -16.39618
3 0 0
1 0 0
0.159731 0.1886416 -0.003805634
0.2481588 -0.7003658 -0.669257
255 255 255 255
-15.29711 -16.39629
3 0 0
1 0 0
0.1450446 0.1979982 -0.0005685054
-0.7407616 0.1916538 -0.6438486
255 255 255 255
-15.27399 -16.41395
3 0 0
1 0 0
0.1542844 0.2110907 0.008568462
-0.2681248 0.6729477 0.6893841
255 255 255 255
-15.29718 -16.39666
3 0 0
1 0 0
0.1588591 0.2675938 0.005858335
-0.4312308 0.05117889 0.9007889
255 255 255 255
-15.29719 -16.39672
3 0 0
1 0 0
0.1747653 0.2709241 0.002467706
0.8579723 -0.06630284 0.5093992
255 255 255 255
-15.27403 -16.41403
3 0 0
1 0 0
0.1671408 0.2005599 0.0007372648
0.8133675 -0.1221918 0.5687727
255 255 255 255
-15.274 -16.41397
3 0 0
1 0 0
0.1760661 0.201733 -0.007246065
0.7021247 0.08557958 0.7068925
255 255 255 255
-15.27398 -16.41392
3 0 0
1 0 0
0.1830707 0.194513 -0.01791496
0.9167253 -0.209621 0.3401086
255 255 255 255
-15.27395 -16.41383
3 0 0
1 0 0
0.1749797 0.2222385 -0.02692231
0.1800775 0.9612192 -0.2088773
255 255 255 255
-15.29701 -16.39578
3 0 0
1 0 0
0.1606888 0.1973474 -0.03018195
-0.6912588 -0.07398137 -0.7188101
255 255 255 255
-15.2739 -16.41373
3 0 0
1 0 0
0.1653777 0.1802707 -0.01429101
-0.3332874 -0.7807087 0.5285957
255 255 255 255
-15.29706 -16.396
3 0 0
1 0 0
-0.1702669 0.2747357 -0.01215774
-0.4494658 -0.03418481 -0.8926433
255 255 255 255
-15.33307 -16.98358
1 0 0
1 0 0
-0.1739269 0.2723861 0.002586392
-0.8495597 -0.04497801 0.5255715
255 255 255 255
-15.25839 -16.95114
1 0 0
1 0 0
-0.1744078 0.2903971 0.002788328
-0.8468463 0.05621095 0.5288589
255 255 255 255
-15.25803 -16.60984
1 0 0
1 0 0
-0.1581778 0.287612 0.007637885
0.4377485 -0.2261087 0.8702018
255 255 255 255
-15.18473 -16.59697
1 0 0
1 0 0
-0.1576392 0.2685215 0.007453006
0.4442206 0.04926671 0.8945618
255 255 255 255
-15.18514 -16.93901
1 0 0
1 0 0
-0.154151 0.2741091 -0.007414606
0.8291596 0.02315837 -0.5585319
255 255 255 255
-15.26023 -16.97112
1 0 0
1 0 0
-0.1546324 0.2921197 -0.007241667
0.8137528 0.1014782 -0.5722836
255 255 255 255
-15.25988 -16.63077
1 0 0
1 0 0
-0.1706529 0.2909484 -0.01199367
-0.3619514 -0.4686334 -0.8058375
255 255 255 255
-15.33278 -16.6442
1 0 0
1 0 0
-0.07121839 0.1729799 0.04301643
-0.3470398 -0.02691303 0.9374641
255 255 255 255
-14.84905 -15.02834
0 0 0
1 0 0
-0.06322268 0.07563134 0.03776165
-0.3825577 0.1763237 0.9069508
255 255 255 255
-14.75778 -15.02777
12 0 0
1 0 0
-0.0332401 0.0811169 0.05238366
-0.1630641 0.1394309 0.9767135
255 255 255 255
-14.75515 -16.02195
12 0 0
1 0 0
-0.1524025 0.2857402 -0.006237778
0.9994842 0.004383869 0.03181649
255 255 255 255
-15.18464 -17.69715
1 0 0
1 0 0
-0.1562145 0.2862684 -0.009304358
-0.02768118 0.03583113 -0.9989744
255 255 255 255
-15.18543 -17.59122
1 0 0
1 0 0
-0.1528266 0.3740932 -0.003855816
0.99379 0.009105018 -0.110898
255 255 255 255
-15.33469 -17.69621
1 0 0
0.75 0.25 0
-0.02904163 0.1715083 0.05296933
-0.08920924 -0.0001276374 0.9960129
255 255 255 255
-14.84162 -16.02491
0 0 0
1 0 0
-0.1595166 0.2861015 -0.006107477
-0.9910466 0.02715854 0.1307252
255 255 255 255
-15.1847 -17.69718
1 0 0
1 0 0
-0.1552039 0.3743339 -0.005675978
-0.06331971 0.03726349 -0.9972974
255 255 255 255
-15.33506 -17.58929
1 0 0
0.75 0.25 0
-0.02214174 0.2555428 0.054022
-0.07656418 -0.01030975 0.9970114
255 255 255 255
-14.92213 -16.02791
0 0 0
1 0 0
-0.1556856 0.2852132 -0.00301088
0.05357134 -0.01148122 0.9984981
255 255 255 255
-15.18391 -17.75894
1 0 0
1 0 0
-0.157091 0.3742383 -0.00378043
-0.9988364 0.03118522 0.03678617
255 255 255 255
-15.33471 -17.69622
1 0 0
0.75 0.25 0
-0.07598829 0.2719345 0.0437754
-0.3163569 -0.01695446 0.9484887
255 255 255 255
-14.94449 -15.07191
0 0 0
1 0 0
-0.1547136 0.3739975 -0.001960951
0.05228812 -0.01068306 0.9985749
255 255 255 255
-15.33434 -17.75828
1 0 0
0.75 0.25 0
0.1694236 0.2735393 -0.01269497
0.4302868 -0.04171054 -0.901728
255 255 255 255
-15.32993 -16.94554
3 0 0
1 0 0
0.1756991 0.2890071 0.002707843
0.8550424 0.01653233 0.5182945
255 255 255 255
-15.25432 -16.56775
3 0 0
1 0 0
0.1747653 0.2709241 0.002467706
0.8579723 -0.06630284 0.5093992
255 255 255 255
-15.25471 -16.91117
3 0 0
1 0 0
0.1597358 0.2867559 0.006095401
-0.4391541 -0.2069556 0.8742501
255 255 255 255
-15.18132 -16.56213
3 0 0
1 0 0
0.1588591 0.2675938 0.005858335
-0.4312308 0.05117889 0.9007889
255 255 255 255
-15.18177 -16.906
3 0 0
1 0 0
0.1538174 0.2734705 -0.009382454
-0.8387935 0.04213151 -0.5428171
255 255 255 255
-15.25735 -16.93991
3 0 0
1 0 0
0.1547517 0.2915534 -0.009157322
-0.8198324 0.1411358 -0.5549374
255 255 255 255
-15.25697 -16.59783
3 0 0
1 0 0
0.1704527 0.2898236 -0.01249372
0.3441522 -0.4376692 -0.8306653
255 255 255 255
-15.32962 -16.60415
3 0 0
1 0 0
-0.1644679 0.1920652 -0.007387309
0.2301028 -0.935557 0.2679285
255 255 255 255
-15.29701 -16.39577
1 0 0
1 0 0
-0.1585498 0.2053507 -0.01680058
0.8585949 0.1196417 -0.4984983
255 255 255 255
-15.2739 -16.41372
1 0 0
1 0 0
-0.1648301 0.1989001 -0.02907951
0.6821808 -0.07923567 -0.7268777
255 255 255 255
-15.27386 -16.41362
1 0 0
1 0 0
-0.1681801 0.1817772 -0.01351364
0.3168682 -0.8057024 0.500438
255 255 255 255
-15.29698 -16.39558
1 0 0
1 0 0
-0.1723306 0.1797636 -0.02036074
-0.008191397 -0.9944495 -0.1048952
255 255 255 255
-15.29694 -16.39539
1 0 0
1 0 0
-0.1855303 0.1967704 -0.01867566
-0.903479 -0.1675017 0.394549
255 255 255 255
-15.27389 -16.41369
1 0 0
1 0 0
-0.1773819 0.2036756 -0.007332394
-0.6834824 0.08776634 0.7246715
255 255 255 255
-15.27392 -16.41378
1 0 0
1 0 0
-0.1779964 0.2242056 -0.02699124
-0.1566806 0.9683383 -0.1943506
255 255 255 255
-15.29692 -16.39531
1 0 0
1 0 0
-0.1813893 0.2168191 -0.03277305
-0.4528929 0.4723942 -0.7561295
255 255 255 255
-15.29689 -16.39514
1 0 0
1 0 0
-0.1823758 0.1907982 -0.0358328
-0.4152904 -0.4273731 -0.803048
255 255 255 255
-15.29687 -16.39499
1 0 0
1 0 0
0.1625235 0.332347 0.005365079
0.2585737 0.8898466 -0.3759157
255 255 255 255
-15.29722 -16.39686
3 0 0
1 0 0
0.1714057 0.3075469 0.01132802
0.894003 -0.1510148 0.4218449
255 255 255 255
-15.27407 -16.41412
3 0 0
1 0 0
0.1694378 0.3179079 -0.007703517
-0.1807109 0.8394724 0.5124739
255 255 255 255
-15.29715 -16.39649
3 0 0
1 0 0
0.1771478 0.3330877 -0.01975936
-0.04439963 0.9755081 0.215436
255 255 255 255
-15.2971 -16.39622
3 0 0
1 0 0
0.1851154 0.3255551 -0.03470099
0.4367124 0.4777049 -0.7622862
255 255 255 255
-15.29702 -16.39582
3 0 0
1 0 0
0.1655206 0.1954277 0.01073929
0.9067926 0.03820356 0.4198423
255 255 255 255
-15.27403 -16.41404
3 0 0
1 0 0
0.1612795 0.1861952 0.01984794
0.7214365 -0.2421637 0.6487574
255 255 255 255
-15.27406 -16.4141
3 0 0
1 0 0
0.1543986 0.1732218 0.004188618
0.20316 -0.8283101 -0.5221384
255 255 255 255
-15.29714 -16.39646
3 0 0
1 0 0
0.1388976 0.1890298 0.007217668
-0.9058391 -0.1001297 -0.411618
255 255 255 255
-15.27402 -16.414
3 0 0
1 0 0
0.1475656 0.2129153 0.02067752
-0.193863 0.8637527 0.4651328
255 255 255 255
-15.29724 -16.39697
3 0 0
1 0 0
0.1420141 0.1837769 0.02721864
-0.465197 -0.2888359 0.836759
255 255 255 255
-15.29726 -16.39707
3 0 0
1 0 0
0.1492477 0.1722395 0.01378131
-0.1648771 -0.9660309 0.198997
255 255 255 255
-15.29719 -16.3967
3 0 0
1 0 0
0.1688135 0.1779196 -0.02075708
-0.02623187 -0.9943069 -0.1032746
255 255 255 255
-15.29702 -16.39583
3 0 0
1 0 0
0.1776957 0.1888299 -0.03541594
0.3774394 -0.427597 -0.8214015
255 255 255 255
-15.29696 -16.39549
3 0 0
1 0 0
0.1777387 0.2148034 -0.0324343
0.446143 0.4412107 -0.778646
255 255 255 255
-15.29698 -16.39562
3 0 0
1 0 0
-0.06661482 0.2825091 0.04526263
-0.1395512 0.008369915 0.9901794
255 255 255 255
-14.95373 -15.24839
0 0 0
1 0 0
0.1527357 0.2849586 -0.009386891
-0.9781324 0.02381076 0.2066157
255 255 255 255
-15.18161 -17.69597
3 0 0
1 0 0
0.1551233 0.373815 -0.007061901
-0.9993724 0.02991679 -0.01896938
255 255 255 255
-15.33221 -17.69501
3 0 0
0.75 0.25 0
0.1559999 0.285845 -0.01260049
-0.05977686 0.03691183 -0.997529
255 255 255 255
-15.18233 -17.58905
3 0 0
1 0 0
-0.140942 0.3461984 -8.04062E-05
-0.8292091 -0.14272 0.5404103
255 255 255 255
-15.7929 -15.22575
0 0 0
1 0 0
-0.1480754 0.3826304 -0.003789636
-0.7866769 0.4325343 0.440515
255 255 255 255
-15.70171 -15.22531
0 0 0
1 0 0
-0.1495668 0.3839978 -0.02247665
-0.4679316 0.4350625 -0.7692599
255 255 255 255
-15.705 -15.12786
0 0 0
1 0 0
0.1569912 0.3742703 -0.008958472
-0.03139408 0.03538062 -0.9988807
255 255 255 255
-15.33255 -17.5871
3 0 0
0.75 0.25 0
0.1598121 0.2853168 -0.009431916
0.9997212 0.00578294 0.02289499
255 255 255 255
-15.18152 -17.69593
3 0 0
1 0 0
-0.1355288 0.3154517 -0.01591507
-0.4113461 -0.1705065 -0.8953893
255 255 255 255
-15.88712 -15.12743
0 0 0
1 0 0
0.1593691 0.3740299 -0.007094988
0.9849497 0.01160343 -0.1724514
255 255 255 255
-15.33217 -17.69498
3 0 0
0.75 0.25 0
0.1570196 0.284454 -0.006244928
0.06574916 -0.01162287 0.9977685
255 255 255 255
-15.1808 -17.75797
3 0 0
1 0 0
-0.128815 0.2869343 0.005924829
-0.824088 -0.1399054 0.548913
255 255 255 255
-15.79695 -15.22463
0 0 0
1 0 0
0.1575013 0.3735746 -0.005198759
0.07709298 -0.00966441 0.996977
255 255 255 255
-15.33182 -17.7573
3 0 0
0.75 0.25 0
-0.1082488 0.1844513 0.009665781
-0.9845619 -0.1376035 0.108181
255 255 255 255
-15.89756 -15.17517
0 0 0
1 0 0
-0.1092683 0.1858424 -0.003516749
-0.4169392 -0.1689314 -0.8930979
255 255 255 255
-15.93059 -15.12663
0 0 0
1 0 0
-0.08745366 0.07765054 0.006838678
-0.3191214 -0.525449 -0.7887109
255 255 255 255
-15.9815 -15.12597
12 0 0
1 0 0
-0.04040669 0.1806717 0.03283532
0.1264104 -0.006065167 -0.9919595
255 255 255 255
-15.86891 -14.05565
0 0 0
1 0 0
-0.04278497 0.07378031 0.033493
0.09630363 -0.6630381 -0.7423652
255 255 255 255
-15.97826 -14.02214
12 0 0
1 0 0
-0.06459971 0.07483998 0.02469783
0.2543909 -0.6573531 -0.7093463
255 255 255 255
-15.9756 -14.91861
12 0 0
1 0 0
-0.08114909 0.1818555 0.01891838
0.3952163 0.02208143 -0.9183227
255 255 255 255
-15.86759 -14.91937
0 0 0
1 0 0
-0.1029062 0.3246787 0.01116052
0.3887383 0.02108431 -0.9211069
255 255 255 255
-15.79642 -14.97267
0 0 0
1 0 0
-0.03742798 0.329797 0.03190785
0.1175933 -0.007445773 -0.9930339
255 255 255 255
-15.79657 -14.03115
0 0 0
1 0 0
0.09909398 0.2349892 0.03662165
0.3980599 -0.8422801 0.3634728
255 255 255 255
-15.47218 -16.95045
5 0 0
1 0 0
0.1031397 0.2211262 0.03791548
0.55509 0.0897138 0.826938
255 255 255 255
-15.39956 -16.95003
0 5 0
0.5 0.5 0
0.1063847 0.2223725 0.02467189
0.9475943 0.02105562 0.3187817
255 255 255 255
-15.47754 -16.95761
0 5 0
0.5 0.5 0
-0.1131704 0.3934157 0.007415481
0.08247389 0.792523 -0.6042395
255 255 255 255
-15.72297 -14.97316
0 0 0
1 0 0
-0.03541203 0.4078136 0.03140232
0.004449197 0.7602223 -0.6496478
255 255 255 255
-15.7227 -14.02818
0 0 0
1 0 0
-0.06459971 0.07483998 0.02469783
0.2543909 -0.6573531 -0.7093463
255 255 255 255
-14.97398 -15.50592
12 0 0
1 0 0
-0.08588582 0.07484413 0.023609
0.2393199 -0.5322067 -0.812085
255 255 255 255
-14.99771 -15.03467
12 0 0
1 0 0
-0.08745366 0.07765054 0.006838678
-0.3191214 -0.525449 -0.7887109
255 255 255 255
-14.9942 -15.03956
12 0 0
1 0 0
-0.0412552 0.07169353 0.04598103
0.1470738 -0.6348491 -0.758509
255 255 255 255
-14.97162 -15.97771
12 0 0
1 0 0
0.08159631 0.1724212 0.04185836
0.3673267 -0.4100038 0.834846
255 255 255 255
-15.47636 -16.94753
0 0 0
1 0 0
0.06138221 0.1789725 0.05271145
0.1608961 -0.1363484 0.9775078
255 255 255 255
-15.39843 -16.94221
0 5 0
0.75 0.25 0
0.05421537 0.1713955 0.04925089
-0.01340845 -0.4037429 0.9147742
255 255 255 255
-15.47576 -16.94239
0 0 0
1 0 0
-0.04278497 0.07378031 0.033493
0.09630363 -0.6630381 -0.7423652
255 255 255 255
-14.96341 -15.97777
12 0 0
1 0 0
0.0390289 0.1991225 0.05670619
-0.08073185 -0.01963166 0.9965426
255 255 255 255
-15.39786 -16.93823
0 5 0
0.5 0.5 0
0.03478314 0.1989079 0.05262072
-0.5789004 -0.2172921 0.7859125
255 255 255 255
-15.47527 -16.93827
0 5 0
0.5 0.5 0
-0.000565175 0.1339931 0.06018652
0.2891454 0.009143096 0.9572415
255 255 255 255
-15.49492 -15.27217
7 0 0
1 0 0
-0.009032915 0.1241855 0.06357954
-0.04012137 -0.01663792 0.9990562
255 255 255 255
-15.36511 -15.39412
7 0 0
1 0 0
0.00179839 0.125095 0.06015787
0.2365102 0.03080313 0.9711406
255 255 255 255
-15.34689 -15.27192
7 0 0
1 0 0
-0.008742196 0.109772 0.06301364
-0.05341243 -0.03544055 0.9979434
255 255 255 255
-15.26907 -15.3933
7 0 0
1 0 0
-0.01931634 0.1218618 0.05915672
-0.249811 0.06963458 0.9657875
255 255 255 255
-15.27021 -15.5119
8 7 0
0.5 0.5 0
0.03483025 0.001600138 0.05768178
0.170694 -0.976584 -0.1309479
255 255 255 255
-14.14038 -14.50598
12 0 0
1 0 0
0.02437078 0.01153111 0.05957562
0.1854082 -0.7936854 -0.5793853
255 255 255 255
-14.12155 -14.29276
12 0 0
1 0 0
0.05053183 0.07129144 0.04509551
-0.1648048 -0.6396207 -0.7508161
255 255 255 255
-14.01073 -14.83393
12 0 0
1 0 0
0.04581882 0.026324 0.05587151
0.3211902 -0.9294146 -0.1817291
255 255 255 255
-14.10223 -14.71378
12 0 0
1 0 0
0.1504011 0.3825935 -0.006907038
0.8648459 0.4252885 0.2667794
255 255 255 255
-15.70043 -15.22855
0 0 0
1 0 0
0.1474941 0.3838893 -0.02564727
0.3373512 0.4315816 -0.8366191
255 255 255 255
-15.71965 -15.22762
0 0 0
1 0 0
0.1181453 0.3932245 0.005056364
-0.1166407 0.7876018 -0.6050441
255 255 255 255
-15.71909 -15.95978
0 0 0
1 0 0
-0.00868034 0.1353856 0.06415465
-0.03573145 -0.04352828 0.998413
255 255 255 255
-15.49404 -15.39484
7 0 0
1 0 0
-0.0891976 0.2355548 0.03846739
-0.4367389 -0.6797244 0.5892656
255 255 255 255
-15.36689 -17.79869
9 0 0
1 0 0
-0.04019226 0.2034079 0.05661137
-0.0591317 -0.1316792 0.9895271
255 255 255 255
-15.41414 -17.58639
0 9 0
0.5 0.5 0
-0.03684231 0.2205307 0.0571012
-0.2754981 -0.6040853 0.7477846
255 255 255 255
-15.36337 -17.58613
9 0 0
1 0 0
-0.02419548 0.2139571 0.05524215
-0.06337024 -0.8333853 0.5490474
255 255 255 255
-15.36368 -17.5509
9 0 0
1 0 0
-0.02913238 0.2000001 0.05378971
-0.2264973 0.1291072 0.9654172
255 255 255 255
-15.41455 -17.55129
0 9 0
0.5 0.5 0
0.1210527 0.3919286 0.02417489
0.487682 0.5939794 0.6398083
255 255 255 255
-15.69989 -15.96566
0 0 0
1 0 0
0.04642956 0.407629 0.03061606
-0.02619947 0.7585958 -0.6510346
255 255 255 255
-15.72083 -14.02857
0 0 0
1 0 0
0.05171422 0.4060931 0.04948762
0.1478164 0.6600815 0.7365071
255 255 255 255
-15.70625 -14.0283
0 0 0
1 0 0
0.1210527 0.3919286 0.02417489
0.487682 0.5939794 0.6398083
255 255 255 255
-15.70641 -14.97465
0 0 0
1 0 0
0.1181453 0.3932245 0.005056364
-0.1166407 0.7876018 -0.6050441
255 255 255 255
-15.72107 -14.97475
0 0 0
1 0 0
0.0473016 0.3286768 0.05082102
0.0950173 0.01687218 0.9953326
255 255 255 255
-14.828 -14.92722
0 0 0
1 0 0
0.05171422 0.4060931 0.04948762
0.1478164 0.6600815 0.7365071
255 255 255 255
-14.70968 -14.92719
0 0 0
1 0 0
-0.0367513 0.4063028 0.05033528
-0.1209715 0.6538172 0.7469198
255 255 255 255
-14.71048 -14.03054
0 0 0
1 0 0
-0.1738314 0.3777191 -0.0008035596
-0.5787884 -0.7207185 0.3815348
255 255 255 255
-15.4419 -16.21808
0 0 0
1 0 0
-0.1723254 0.3850096 -0.01510629
-0.4649474 -0.1260202 -0.8763235
255 255 255 255
-15.44335 -16.09578
0 0 0
1 0 0
-0.1647009 0.3839528 -0.008623503
0.2690942 -0.4103711 -0.8713117
255 255 255 255
-15.44262 -16.08069
0 0 0
1 0 0
-0.1649918 0.3983665 -0.0094159
0.1348738 0.9228297 -0.3608246
255 255 255 255
-15.44258 -16.23198
0 0 0
1 0 0
-0.1620994 0.3884129 -0.006711241
0.8545496 0.3214553 -0.4079356
255 255 255 255
-15.44236 -16.193
0 0 0
1 0 0
-0.1596788 0.3784353 -0.007299313
-0.1651745 -0.3420311 -0.9250579
255 255 255 255
-15.4425 -16.07824
0 0 0
1 0 0
-0.1600362 0.3762529 -0.003031348
-0.605958 -0.6808907 0.4113426
255 255 255 255
-15.44207 -16.187
0 0 0
1 0 0
-0.1650393 0.3814107 -0.003787249
-0.05976938 -0.9473897 0.3144526
255 255 255 255
-15.44213 -16.18826
0 0 0
1 0 0
-0.1624382 0.3858708 -0.001874986
0.5995111 0.1016633 0.7938835
255 255 255 255
-15.44187 -16.06508
0 0 0
1 0 0
-0.1665163 0.3914354 0.004914803
-0.009947357 0.4036995 0.9148375
255 255 255 255
-15.44112 -16.04938
0 0 0
1 0 0
-0.1575294 0.3825122 -0.005593426
0.6932319 0.5983881 -0.4016978
255 255 255 255
-15.44228 -16.19116
0 0 0
1 0 0
0.01222927 0.1335588 0.0622881
-0.05198031 0.03940439 0.9978704
255 255 255 255
-15.49425 -15.5151
7 0 0
1 0 0
0.009212928 0.1279955 0.06180099
-0.09373944 -0.04816923 0.9944308
255 255 255 255
-15.36418 -15.51452
7 0 0
1 0 0
0.02255542 0.1261459 0.06331415
0.1854404 0.02968231 0.9822071
255 255 255 255
-15.36472 -15.39486
7 0 0
1 0 0
0.02195982 0.1106053 0.06164818
0.1392049 -0.09827728 0.9853748
255 255 255 255
-15.26903 -15.39338
7 0 0
1 0 0
0.03133314 0.12118 0.05841139
0.256065 -0.04657601 0.9655369
255 255 255 255
-15.26974 -15.27162
11 7 0
0.5 0.5 0
-0.03310594 0.3285731 0.05161717
-0.0856788 0.01751482 0.9961688
255 255 255 255
-14.83967 -14.03206
0 0 0
1 0 0
-0.1039363 0.09413072 0.01831668
-0.5242174 0.02105746 0.8513241
255 255 255 255
-14.06721 -16.39839
12 0 0
1 0 0
-0.1429204 0.08891043 -0.01334718
-0.7343286 -0.5810329 -0.3509448
255 255 255 255
-14.1579 -16.78066
12 0 0
1 0 0
-0.106014 0.09763299 -0.003581887
0.4415954 -0.2909681 -0.8487232
255 255 255 255
-14.07273 -16.41886
12 0 0
1 0 0
0.02205975 0.1354996 0.06165943
0.2673401 0.1626939 0.9497684
255 255 255 255
-15.49428 -15.39427
7 0 0
1 0 0
0.09909398 0.2349892 0.03662165
0.3980599 -0.8422801 0.3634728
255 255 255 255
-14.13381 -14.66994
5 0 0
1 0 0
0.1095682 0.2694264 0.03088418
0.08836533 0.8837495 0.4595414
255 255 255 255
-14.14772 -14.27519
5 0 0
1 0 0
0.1414518 0.2479555 -0.002716496
0.4880667 -0.07254132 -0.8697866
255 255 255 255
-14.02875 -14.71356
5 0 0
1 0 0
-0.1223157 0.05712895 -0.003803947
-0.7051119 -0.2601091 -0.659667
255 255 255 255
-14.11245 -16.2557
12 0 0
1 0 0
-0.09815632 0.0475302 0.02907188
-0.5733714 -0.1188195 0.8106338
255 255 255 255
-14.09239 -15.85744
12 0 0
1 0 0
-0.1058569 0.01431588 0.003921512
-0.08688355 -0.9187425 -0.3851796
255 255 255 255
-14.16092 -15.88143
12 0 0
1 0 0
-0.09229984 0.03520238 0.02328495
0.09907223 -0.9477404 -0.30327
255 255 255 255
-14.10726 -15.60147
12 0 0
1 0 0
-0.07518815 0.04256096 0.04999385
-0.4875593 0.05174584 0.8715551
255 255 255 255
-14.10818 -15.34566
12 0 0
1 0 0
-0.06869322 0.0003259498 0.04173285
-0.1217619 -0.9882159 -0.09275418
255 255 255 255
-14.15518 -15.31973
12 0 0
1 0 0
-0.0891976 0.2355548 0.03846739
-0.4367389 -0.6797244 0.5892656
255 255 255 255
-15.47298 -16.95722
9 0 0
1 0 0
-0.09941871 0.2231341 0.02671752
-0.8415346 0.02244425 0.5397369
255 255 255 255
-15.4784 -16.96498
0 9 0
0.5 0.5 0
-0.09319055 0.2216457 0.03984411
-0.4547652 0.08323615 0.8867132
255 255 255 255
-15.40057 -16.95708
0 9 0
0.5 0.5 0
-0.03462693 0.02693971 0.05663628
-0.3579182 -0.9254848 -0.123985
255 255 255 255
-14.10468 -14.74446
12 0 0
1 0 0
-0.0412552 0.07169353 0.04598103
0.1470738 -0.6348491 -0.758509
255 255 255 255
-14.01588 -14.79073
12 0 0
1 0 0
-0.08588582 0.07484413 0.023609
0.2393199 -0.5322067 -0.812085
255 255 255 255
-14.0207 -15.59661
12 0 0
1 0 0
-0.07121854 0.1729798 0.04335174
-0.3278049 -0.370118 0.8692276
255 255 255 255
-15.477 -16.95302
0 0 0
1 0 0
-0.04277988 0.1718941 0.05017769
0.019465 -0.4092703 0.9122055
255 255 255 255
-15.47616 -16.94589
0 0 0
1 0 0
-0.04886013 0.1795226 0.05376207
-0.1376337 -0.1230329 0.9828122
255 255 255 255
-15.399 -16.94617
0 9 0
0.75 0.25 0
-0.02199879 0.1992792 0.0531358
0.7339174 -0.2621448 0.6266142
255 255 255 255
-15.47551 -16.94033
0 9 0
0.5 0.5 0
-0.02482929 0.1991358 0.05732599
0.2526721 -0.1024925 0.9621081
255 255 255 255
-15.39819 -16.94053
0 9 0
0.5 0.5 0
0.1040789 0.3373232 0.03460739
0.4806349 -0.03710041 0.8761356
255 255 255 255
-15.80024 -15.96714
0 0 0
1 0 0
0.1433627 0.3458052 -0.003035102
0.9150077 -0.1692577 0.3662142
255 255 255 255
-15.79359 -15.22856
0 0 0
1 0 0
0.09909398 0.2349892 0.03662165
0.3980599 -0.8422801 0.3634728
255 255 255 255
-15.36552 -17.79823
5 0 0
1 0 0
0.05067956 0.2202735 0.05626208
0.3044391 -0.6435445 0.7022588
255 255 255 255
-15.36273 -17.58569
5 0 0
1 0 0
0.05395323 0.2031245 0.05571015
0.09029656 -0.1280026 0.9876547
255 255 255 255
-15.41351 -17.58591
0 5 0
0.5 0.5 0
0.03777541 0.2138486 0.05462713
0.06183671 -0.8708727 0.4876033
255 255 255 255
-15.36323 -17.55056
5 0 0
1 0 0
0.04184029 0.1996259 0.0531126
0.3317373 0.1991713 0.9221069
255 255 255 255
-15.41408 -17.5509
0 5 0
0.5 0.5 0
0.08769611 0.2715655 0.04217286
0.3715511 -0.02311783 0.9281246
255 255 255 255
-14.79105 -15.98271
0 0 0
1 0 0
0.07908542 0.2823116 0.04382793
0.1615005 0.004832556 0.9868608
255 255 255 255
-14.77964 -15.81011
0 0 0
1 0 0
0.03603648 0.255603 0.0534271
0.09166885 -0.008945483 0.9957494
255 255 255 255
-14.80996 -15.02632
0 0 0
1 0 0
0.04145884 0.1711101 0.05231849
0.1056293 -0.005971666 0.9943876
255 255 255 255
-14.89575 -15.02617
0 0 0
1 0 0
0.08159602 0.172421 0.0415384
0.4086706 -0.04193641 0.911718
255 255 255 255
-14.89238 -15.97978
0 0 0
1 0 0
0.04388428 0.08069393 0.05164209
0.1902989 0.143363 0.971202
255 255 255 255
-14.98767 -15.02601
12 0 0
1 0 0
0.1712295 0.3912231 0.001422523
0.184185 0.4171627 0.8899725
255 255 255 255
-15.31668 -16.01555
0 0 0
1 0 0
0.1771622 0.3774559 -0.004447978
0.6284633 -0.7075517 0.3231167
255 255 255 255
-15.4095 -16.02983
0 0 0
1 0 0
0.1666027 0.3982033 -0.01290136
-0.1872711 0.9218293 -0.3393527
255 255 255 255
-15.31937 -16.19477
0 0 0
1 0 0
0.1725163 0.3847956 -0.01874389
0.324345 -0.1506579 -0.9338643
255 255 255 255
-15.41179 -16.20861
0 0 0
1 0 0
0.1609511 0.3798815 -0.00463934
-0.1152358 0.2045777 0.9720436
255 255 255 255
-15.17841 -17.98343
0 0 0
1 0 0
0.1523689 0.3722323 -0.003959849
-0.1758537 0.1667707 0.9701871
255 255 255 255
-15.17851 -17.55126
0 0 0
1 0 0
0.1625762 0.3759955 -0.006381385
0.6266087 -0.7142978 0.3116731
255 255 255 255
-15.21103 -17.98351
0 0 0
1 0 0
0.1539749 0.3687066 -0.005455616
0.355826 -0.8561589 0.3746728
255 255 255 255
-15.21107 -17.55158
0 0 0
1 0 0
0.1610465 0.3780826 -0.01063128
0.09512492 -0.2894131 -0.9524659
255 255 255 255
-15.25023 -17.98373
0 0 0
1 0 0
0.152936 0.3704578 -0.009134145
0.1669544 -0.3714614 -0.913314
255 255 255 255
-15.25014 -17.55223
0 0 0
1 0 0
0.1594215 0.3819681 -0.00887456
-0.7277785 0.6207117 -0.2916426
255 255 255 255
-15.28805 -17.98363
0 0 0
1 0 0
0.1513301 0.3739835 -0.007653046
-0.4820233 0.8104566 -0.3328865
255 255 255 255
-15.28803 -17.55193
0 0 0
1 0 0
0.1609511 0.3798815 -0.00463934
-0.1152358 0.2045777 0.9720436
255 255 255 255
-15.33163 -17.98343
0 0 0
1 0 0
0.1523689 0.3722323 -0.003959849
-0.1758537 0.1667707 0.9701871
255 255 255 255
-15.33172 -17.55126
0 0 0
1 0 0
-0.1116794 0.3920486 0.02651013
-0.4277991 0.5845788 0.6893878
255 255 255 255
-15.69919 -15.96141
0 0 0
1 0 0
-0.1131704 0.3934157 0.007415481
0.08247389 0.792523 -0.6042395
255 255 255 255
-15.71868 -15.96177
0 0 0
1 0 0
-0.1495668 0.3839978 -0.02247665
-0.4679316 0.4350625 -0.7692599
255 255 255 255
-15.72012 -15.23464
0 0 0
1 0 0
-0.0332401 0.0811169 0.05238366
-0.1630641 0.1394309 0.9767135
255 255 255 255
-14.75079 -15.02502
12 0 0
1 0 0
0.005300643 0.06791896 0.05293865
0.01179596 0.2613945 0.96516
255 255 255 255
-14.73517 -15.50423
12 0 0
1 0 0
-0.02904163 0.1715083 0.05296933
-0.08920924 -0.0001276374 0.9960129
255 255 255 255
-14.86032 -15.02516
0 0 0
1 0 0
0.04145884 0.1711101 0.05231849
0.1056293 -0.005971666 0.9943876
255 255 255 255
-14.86006 -15.97475
0 0 0
1 0 0
0.04388428 0.08069393 0.05164209
0.1902989 0.143363 0.971202
255 255 255 255
-14.7504 -15.97221
12 0 0
1 0 0
-0.1355288 0.3154517 -0.01591507
-0.4113461 -0.1705065 -0.8953893
255 255 255 255
-15.80996 -15.23425
0 0 0
1 0 0
-0.1029062 0.3246787 0.01116052
0.3887383 0.02108431 -0.9211069
255 255 255 255
-15.81762 -15.96179
0 0 0
1 0 0
-0.08114909 0.1818555 0.01891838
0.3952163 0.02208143 -0.9183227
255 255 255 255
-15.87391 -15.96186
0 0 0
1 0 0
-0.1092683 0.1858424 -0.003516749
-0.4169392 -0.1689314 -0.8930979
255 255 255 255
-15.89964 -15.22942
0 0 0
1 0 0
-0.06459971 0.07483998 0.02469783
0.2543909 -0.6573531 -0.7093463
255 255 255 255
-15.97373 -15.9619
12 0 0
1 0 0
-0.08745366 0.07765054 0.006838678
-0.3191214 -0.525449 -0.7887109
255 255 255 255
-15.97372 -15.22883
12 0 0
1 0 0
-0.140942 0.3461984 -8.04062E-05
-0.8292091 -0.14272 0.5404103
255 255 255 255
-15.79252 -15.22347
0 0 0
1 0 0
-0.09270422 0.3374593 0.03656331
-0.4118809 -0.02351319 0.9109343
255 255 255 255
-15.7991 -15.96129
0 0 0
1 0 0
0.1103301 0.1836149 0.007449933
0.9648724 -0.1478265 -0.2171837
255 255 255 255
-14.02238 -17.90838
0 0 0
1 0 0
0.1348567 0.1581642 -0.01478768
0.8484532 0.3692233 -0.3792112
255 255 255 255
-14.10257 -17.81242
12 0 0
1 0 0
0.1213616 0.1628919 -0.01611699
-0.1110922 0.3850008 -0.9162057
255 255 255 255
-14.07194 -17.76238
12 0 0
1 0 0
0.1359574 0.1463164 -0.01537951
0.455601 -0.8587317 -0.2345369
255 255 255 255
-14.14162 -17.71484
12 0 0
1 0 0
0.1238347 0.1608525 -0.0007557929
0.6753153 0.07000502 0.7341992
255 255 255 255
-14.06804 -17.75431
12 0 0
1 0 0
0.00657321 0.1956757 0.05451012
0.009021359 0.3048396 0.9523609
255 255 255 255
-15.4937 -16.67253
0 0 0
1 0 0
-0.004634441 0.1929442 0.0528189
-0.3314868 0.204482 0.921034
255 255 255 255
-15.49389 -16.67138
0 0 0
1 0 0
0.007664186 0.1661522 0.06531341
0.0842692 -0.3698906 0.9252456
255 255 255 255
-15.44293 -16.6678
0 0 0
1 0 0
0.0005691163 0.166154 0.05381494
-0.744607 -0.3118525 0.5901767
255 255 255 255
-15.49397 -16.67091
0 0 0
1 0 0
0.006120276 0.1595815 0.05482463
-0.04718092 -0.8075234 0.5879455
255 255 255 255
-15.49391 -16.67124
0 0 0
1 0 0
0.0119292 0.1660079 0.05372386
0.8312524 -0.3875805 0.3984982
255 255 255 255
-15.49393 -16.67112
0 0 0
1 0 0
0.01712327 0.1929636 0.05258558
0.3700173 0.2271057 0.9008387
255 255 255 255
-15.49382 -16.67179
0 0 0
1 0 0
-0.05621706 0.354096 0.06089263
-0.470172 -0.8825656 0.004025485
255 255 255 255
-15.29744 -16.39803
0 0 0
1 0 0
-0.04809226 0.3703783 0.0490551
-0.1311326 -0.1138025 -0.9848113
255 255 255 255
-15.2742 -16.41434
0 0 0
1 0 0
-0.02896958 0.3576399 0.06059791
0.4499446 -0.8927571 -0.02312582
255 255 255 255
-15.29745 -16.39807
0 0 0
1 0 0
-0.02038763 0.3652885 0.06042803
0.9600695 -0.2789798 -0.02089687
255 255 255 255
-15.29745 -16.39809
0 0 0
1 0 0
-0.04611016 0.3686753 0.07236108
-0.07780875 -0.1441916 0.986486
255 255 255 255
-15.27427 -16.41451
0 0 0
1 0 0
0.004586558 0.3849494 0.06003781
0.003765337 -0.9994069 -0.034229
255 255 255 255
-15.33303 -16.93776
0 0 0
1 0 0
-0.01404496 0.3973524 0.04961997
0.00607961 -0.0003736794 -0.9999814
255 255 255 255
-15.26124 -16.61678
0 0 0
1 0 0
0.003447884 0.3975168 0.04943373
-0.005930476 0.02444998 -0.9996835
255 255 255 255
-15.26109 -16.95942
0 0 0
1 0 0
-0.009918538 0.4087432 0.05999653
0.1294213 0.9914435 0.01703012
255 255 255 255
-15.1853 -16.58943
0 0 0
1 0 0
0.00806532 0.4085718 0.05984337
-0.01574666 0.9992743 0.0346834
255 255 255 255
-15.18512 -16.93318
0 0 0
1 0 0
0.00590204 0.3958378 0.070559
0.007343863 -0.03587305 0.9993294
255 255 255 255
-15.25668 -16.9117
0 0 0
1 0 0
-0.01161022 0.3960326 0.07071455
0.02084841 -0.03284993 0.9992428
255 255 255 255
-15.25684 -16.5669
0 0 0
1 0 0
-0.01149089 0.3848569 0.06021757
0.1214022 -0.9919593 -0.03575337
255 255 255 255
-15.33316 -16.59398
0 0 0
1 0 0
-0.136225 0.132174 -0.0109925
-0.6560744 -0.7115862 -0.251419
255 255 255 255
-14.1416 -17.47093
12 0 0
1 0 0
-0.1183985 0.1438981 -0.01382337
0.3201858 -0.06806913 -0.9449061
255 255 255 255
-14.06813 -17.16253
12 0 0
1 0 0
-0.1167926 0.1403727 0.0083341
-0.5327779 0.01183948 0.8461723
255 255 255 255
-14.06251 -17.14686
12 0 0
1 0 0
-0.1082488 0.1844513 0.009665781
-0.9845619 -0.1376035 0.108181
255 255 255 255
-14.02478 -17.91266
0 0 0
1 0 0
-0.124655 0.1637815 -0.01352865
0.03966347 0.3905746 -0.9197165
255 255 255 255
-14.07448 -17.76764
12 0 0
1 0 0
-0.1235973 0.1616705 0.001824019
-0.5895389 0.07584085 0.8041717
255 255 255 255
-14.07061 -17.75962
12 0 0
1 0 0
-0.1012488 0.1505382 0.01475106
-0.7915237 -0.09375566 0.6039041
255 255 255 255
-14.02197 -17.14107
12 0 0
1 0 0
-0.1376545 0.1591552 -0.01193771
-0.8589286 0.4128304 -0.3030061
255 255 255 255
-14.10528 -17.81808
12 0 0
1 0 0
-0.1394034 0.1475234 -0.01250225
-0.5179579 -0.8296171 -0.2084589
255 255 255 255
-14.14422 -17.72089
12 0 0
1 0 0
-0.03541203 0.4078136 0.03140232
0.004449197 0.7602223 -0.6496478
255 255 255 255
-14.72335 -14.03234
0 0 0
1 0 0
0.04642956 0.407629 0.03061606
-0.02619947 0.7585958 -0.6510346
255 255 255 255
-14.72219 -14.92728
0 0 0
1 0 0
0.03023281 0.2758698 0.05434912
0.0627915 0.0083459 0.9979917
255 255 255 255
-14.9857 -15.88028
0 0 0
1 0 0
-0.01566078 0.276071 0.05476971
-0.04352037 0.01029512 0.9989995
255 255 255 255
-14.9858 -15.12296
0 0 0
1 0 0
0.03603648 0.255603 0.0534271
0.09166885 -0.008945483 0.9957494
255 255 255 255
-14.96141 -15.97723
0 0 0
1 0 0
-0.02214174 0.2555428 0.054022
-0.07656418 -0.01030975 0.9970114
255 255 255 255
-14.96155 -15.02531
0 0 0
1 0 0
-0.06322268 0.07563134 0.03776165
-0.3825577 0.1763237 0.9069508
255 255 255 255
-14.766 -15.98764
12 0 0
1 0 0
-0.07121839 0.1729799 0.04301643
-0.3470398 -0.02691303 0.9374641
255 255 255 255
-14.87365 -15.97911
0 0 0
1 0 0
-0.08781571 0.08448592 0.02539369
-0.3066233 0.07795214 0.9486336
255 255 255 255
-14.76428 -15.05499
12 0 0
1 0 0
-0.09178999 0.1059278 0.0232962
-0.8413948 -0.140257 0.5219029
255 255 255 255
-14.78758 -15.05486
12 0 0
1 0 0
-0.1012677 0.1508977 0.0190006
-0.8376693 -0.1503447 0.5250778
255 255 255 255
-14.83591 -15.051
12 0 0
1 0 0
-0.1077388 0.1837559 0.01584192
-0.8251918 -0.1398766 0.5472597
255 255 255 255
-14.87838 -15.05078
0 0 0
1 0 0
-0.128815 0.2869343 0.005924829
-0.824088 -0.1399054 0.548913
255 255 255 255
-14.98254 -15.04341
0 0 0
1 0 0
-0.07598829 0.2719345 0.0437754
-0.3163569 -0.01695446 0.9484887
255 255 255 255
-14.98195 -15.97587
0 0 0
1 0 0
-0.03462693 0.02693971 0.05663628
-0.3579182 -0.9254848 -0.123985
255 255 255 255
-14.10755 -13.1769
12 0 0
1 0 0
-0.0412552 0.07169353 0.04598103
0.1470738 -0.6348491 -0.758509
255 255 255 255
-14.01692 -13.07625
12 0 0
1 0 0
-0.02383853 0.001875797 0.05825894
-0.2153961 -0.968849 -0.1222139
255 255 255 255
-14.14423 -13.38549
12 0 0
1 0 0
-0.01252147 0.01146688 0.05996415
-0.1588095 -0.84457 -0.5113522
255 255 255 255
-14.12397 -13.59135
12 0 0
1 0 0
0.006177295 -0.02005077 0.06316376
-0.01068069 -0.9971483 -0.0747072
255 255 255 255
-14.13479 -13.94149
12 0 0
1 0 0
-0.09177073 0.1055682 0.02093947
-0.7502886 -0.05248202 0.659024
255 255 255 255
-14.02079 -16.36803
12 0 0
1 0 0
0.04718738 0.3308355 0.03104723
-0.1423621 -0.004996673 -0.9898021
255 255 255 255
-14.78657 -14.92731
0 0 0
1 0 0
-0.03742798 0.329797 0.03190785
0.1175933 -0.007445773 -0.9930339
255 255 255 255
-14.79291 -14.03784
0 0 0
1 0 0
0.04807794 0.1801026 0.031944
-0.1533268 -0.00394407 -0.9881676
255 255 255 255
-14.90385 -14.90774
0 0 0
1 0 0
-0.04040669 0.1806717 0.03283532
0.1264104 -0.006065167 -0.9919595
255 255 255 255
-14.90893 -14.04136
0 0 0
1 0 0
0.1040789 0.3373232 0.03460739
0.4806349 -0.03710041 0.8761356
255 255 255 255
-15.81751 -14.97462
0 0 0
1 0 0
0.08919727 0.3592947 0.04161413
0.2708986 0.03796312 0.961859
255 255 255 255
-15.77156 -14.56579
0 0 0
1 0 0
0.04891699 0.3071159 0.05056041
0.161806 0.001680458 0.9868212
255 255 255 255
-15.83266 -14.03662
0 0 0
1 0 0
0.0473016 0.3286768 0.05082102
0.0950173 0.01687218 0.9953326
255 255 255 255
-15.79026 -14.02988
0 0 0
1 0 0
-0.08781571 0.08448592 0.02539369
-0.3066233 0.07795214 0.9486336
255 255 255 255
-15.97272 -15.22348
12 0 0
1 0 0
-0.09178999 0.1059278 0.0232962
-0.8413948 -0.140257 0.5219029
255 255 255 255
-15.95332 -15.22361
12 0 0
1 0 0
-0.09177073 0.1055682 0.02093947
-0.7502886 -0.05248202 0.659024
255 255 255 255
-15.95972 -15.19844
12 0 0
1 0 0
-0.1012677 0.1508977 0.0190006
-0.8376693 -0.1503447 0.5250778
255 255 255 255
-15.91175 -15.22387
12 0 0
1 0 0
-0.1012488 0.1505382 0.01475106
-0.7915237 -0.09375566 0.6039041
255 255 255 255
-15.92396 -15.18709
12 0 0
1 0 0
-0.1077388 0.1837559 0.01584192
-0.8251918 -0.1398766 0.5472597
255 255 255 255
-15.8818 -15.22405
0 0 0
1 0 0
-0.1665163 0.3914354 0.004914803
-0.009947357 0.4036995 0.9148375
255 255 255 255
-15.31935 -16.04486
0 0 0
1 0 0
-0.1649918 0.3983665 -0.0094159
0.1348738 0.9228297 -0.3608246
255 255 255 255
-15.32199 -16.2228
0 0 0
1 0 0
-0.1738314 0.3777191 -0.0008035596
-0.5787884 -0.7207185 0.3815348
255 255 255 255
-15.41187 -16.06023
0 0 0
1 0 0
-0.1723254 0.3850096 -0.01510629
-0.4649474 -0.1260202 -0.8763235
255 255 255 255
-15.41412 -16.23771
0 0 0
1 0 0
0.05047449 0.1437918 0.05066377
0.3226501 0.01825698 0.9463422
255 255 255 255
-15.49648 -15.50946
11 0 0
1 0 0
0.05133251 0.1276031 0.05048708
0.1064617 -0.1069753 0.9885455
255 255 255 255
-15.27192 -15.50876
11 0 0
1 0 0
0.05700301 0.1455653 0.04906465
0.1788841 0.1396402 0.9739102
255 255 255 255
-15.49677 -15.3885
11 0 0
1 0 0
0.05719832 0.1329502 0.05360039
0.1036767 0.02307526 0.9943434
255 255 255 255
-15.36699 -15.39053
11 0 0
1 0 0
0.06333108 0.1332606 0.04755626
0.6092609 -0.02942315 0.7924238
255 255 255 255
-15.27261 -15.26723
11 0 0
1 0 0
0.05446788 0.1219907 0.04977552
0.1393465 -0.3242535 0.9356507
255 255 255 255
-15.27223 -15.38799
11 0 0
1 0 0
0.07068364 0.07483657 0.036461
0.4396702 0.189955 0.8778423
255 255 255 255
-14.98974 -15.97545
12 0 0
1 0 0
0.1070756 0.09327217 0.01617213
0.6116534 -0.003009775 0.7911201
255 255 255 255
-14.06502 -16.39025
12 0 0
1 0 0
0.1035826 0.09670254 -0.005764304
-0.5460791 -0.2237912 -0.8072888
255 255 255 255
-14.07056 -16.41083
12 0 0
1 0 0
0.1385925 0.08765393 -0.01631756
0.6922206 -0.5983942 -0.4034291
255 255 255 255
-14.15529 -16.77116
12 0 0
1 0 0
0.1194553 0.05602407 -0.006345212
0.6271549 -0.2807854 -0.7265234
255 255 255 255
-14.11008 -16.24595
12 0 0
1 0 0
0.02016809 0.0730001 0.06614813
0.1112649 0.05333566 0.9923585
255 255 255 255
-15.49457 -15.27291
10 0 0
1 0 0
0.02663431 0.08487023 0.06591514
0.250124 0.1491353 0.9566591
255 255 255 255
-15.41423 -15.39404
13 10 0
0.5 0.5 0
0.02025853 0.08021905 0.0661031
0.1990562 0.00412799 0.9799794
255 255 255 255
-15.38161 -15.27313
10 0 0
1 0 0
0.1029296 0.04653041 0.02707127
0.680048 -0.1371998 0.7202159
255 255 255 255
-14.09036 -15.8483
12 0 0
1 0 0
0.02860724 0.1012023 0.06215168
0.4814623 0.091465 0.8716813
255 255 255 255
-15.26949 -15.3926
13 10 0
0.5 0.5 0
0.02080191 0.08782138 0.06600418
0.3474529 0.03554044 0.9370236
255 255 255 255
-15.26862 -15.27333
10 0 0
1 0 0
0.1344519 0.3175787 -0.01900518
0.2603696 -0.140376 -0.9552498
255 255 255 255
-15.79454 -15.22763
0 0 0
1 0 0
0.1079338 0.3270577 0.008876795
-0.4505598 0.03221019 -0.892165
255 255 255 255
-15.80328 -15.95904
0 0 0
1 0 0
0.1088005 0.1857022 -0.005839023
0.2785365 -0.146206 -0.9492319
255 255 255 255
-15.89231 -15.22765
0 0 0
1 0 0
0.08534624 0.1819893 0.01718725
-0.4565352 0.0329404 -0.8890954
255 255 255 255
-15.86633 -15.9574
0 0 0
1 0 0
0.08711892 0.07711147 0.005026707
0.1692484 -0.5036347 -0.847176
255 255 255 255
-15.97396 -15.29292
12 0 0
1 0 0
0.06881589 0.07438144 0.02335078
-0.3033356 -0.6600729 -0.6872345
255 255 255 255
-15.97137 -15.95703
12 0 0
1 0 0
0.1042113 0.01340918 0.001727837
-0.009675871 -0.9166161 -0.3996517
255 255 255 255
-14.15899 -15.87197
12 0 0
1 0 0
0.09553879 0.03425233 0.02140714
-0.1732635 -0.94152 -0.2889979
255 255 255 255
-14.10539 -15.59232
12 0 0
1 0 0
0.08964922 0.07399325 0.02184683
-0.3854926 -0.5003325 -0.7752824
255 255 255 255
-14.01878 -15.58807
12 0 0
1 0 0
0.1148618 0.1427234 -0.01625514
-0.4037753 -0.03869397 -0.9140395
255 255 255 255
-14.06571 -17.15577
12 0 0
1 0 0
0.1329839 0.1310162 -0.01378925
0.6093947 -0.7347303 -0.2980092
255 255 255 255
-14.13905 -17.46416
12 0 0
1 0 0
0.117864 0.1396289 0.005925187
0.6137823 -0.007793111 0.7894368
255 255 255 255
-14.06005 -17.14001
12 0 0
1 0 0
0.08769611 0.2715655 0.04217286
0.3715511 -0.02311783 0.9281246
255 255 255 255
-14.76658 -15.96599
0 0 0
1 0 0
0.08159602 0.172421 0.0415384
0.4086706 -0.04193641 0.911718
255 255 255 255
-14.87036 -15.96284
0 0 0
1 0 0
0.1318457 0.2864257 0.003234157
0.910185 -0.1622099 0.3811181
255 255 255 255
-14.76479 -15.02708
0 0 0
1 0 0
0.1117836 0.1829672 0.01360287
0.9286827 -0.1788397 0.3249072
255 255 255 255
-14.87396 -15.02711
0 0 0
1 0 0
0.09196509 0.08384992 0.02356978
0.351054 0.07388961 0.9334353
255 255 255 255
-14.97857 -15.02713
12 0 0
1 0 0
0.07068364 0.07483657 0.036461
0.4396702 0.189955 0.8778423
255 255 255 255
-14.97894 -15.95819
12 0 0
1 0 0
0.1088005 0.1857022 -0.005839023
0.2785365 -0.146206 -0.9492319
255 255 255 255
-15.8901 -15.12604
0 0 0
1 0 0
0.1344519 0.3175787 -0.01900518
0.2603696 -0.140376 -0.9552498
255 255 255 255
-15.89099 -15.12604
0 0 0
1 0 0
0.1318457 0.2864257 0.003234157
0.910185 -0.1622099 0.3811181
255 255 255 255
-15.79565 -15.22859
0 0 0
1 0 0
0.1433627 0.3458052 -0.003035102
0.9150077 -0.1692577 0.3662142
255 255 255 255
-15.79346 -15.22787
0 0 0
1 0 0
0.1474941 0.3838893 -0.02564727
0.3373512 0.4315816 -0.8366191
255 255 255 255
-15.70207 -15.12603
0 0 0
1 0 0
0.05470695 0.3853232 0.04902951
-0.1333724 0.1100615 -0.9849356
255 255 255 255
-15.27422 -16.41439
0 0 0
1 0 0
0.05545512 0.3979853 0.05222128
0.05059095 -0.02787301 -0.9983304
255 255 255 255
-15.27423 -16.41442
0 0 0
1 0 0
0.06814018 0.3906926 0.05940369
0.8769399 0.4801181 -0.02152141
255 255 255 255
-15.29748 -16.39824
0 0 0
1 0 0
0.069231 0.3968799 0.05935252
0.7746241 -0.6316692 -0.03084619
255 255 255 255
-15.29748 -16.39826
0 0 0
1 0 0
0.05863835 0.4093291 0.04880779
-0.1517788 -0.0903423 -0.9842771
255 255 255 255
-15.27423 -16.4144
0 0 0
1 0 0
0.04653941 0.4144878 0.0594221
-0.8295309 0.5566773 0.04459688
255 255 255 255
-15.29748 -16.39827
0 0 0
1 0 0
0.06701052 0.420935 0.0474338
0.08789277 0.1303649 -0.9875625
255 255 255 255
-15.27423 -16.4144
0 0 0
1 0 0
0.08424591 0.4081009 0.05908202
0.8644053 -0.5014964 -0.03612138
255 255 255 255
-15.29749 -16.3983
0 0 0
1 0 0
0.06991748 0.4196396 0.07091955
0.157072 0.1164849 0.9806935
255 255 255 255
-15.2743 -16.41458
0 0 0
1 0 0
0.06154484 0.4080336 0.06993477
-0.02937469 -0.1180054 0.9925784
255 255 255 255
-15.27429 -16.41456
0 0 0
1 0 0
0.0414931 0.4293823 0.05934194
-0.9004334 0.4345791 0.01899444
255 255 255 255
-15.29749 -16.39829
0 0 0
1 0 0
0.07081342 0.4384422 0.05898855
0.2554867 0.9668067 -0.003372089
255 255 255 255
-15.2975 -16.39834
0 0 0
1 0 0
0.08405104 0.420716 0.05900732
0.9491113 0.311556 -0.04604895
255 255 255 255
-15.29749 -16.39832
0 0 0
1 0 0
-0.1515971 0.368745 -0.002264192
-0.3447265 -0.839625 0.4197542
255 255 255 255
-15.44201 -16.18579
0 0 0
1 0 0
-0.1402558 0.3689586 -0.004103114
0.3365066 0.2630252 0.9042019
255 255 255 255
-15.44214 -16.07073
0 0 0
1 0 0
-0.149429 0.3724621 -0.0008479068
0.2285752 0.2181672 0.9487658
255 255 255 255
-15.44181 -16.06387
0 0 0
1 0 0
-0.1398412 0.3700615 -0.006316235
0.3144029 0.8876839 -0.3364048
255 255 255 255
-15.44237 -16.19308
0 0 0
1 0 0
-0.1495245 0.3742608 -0.004506307
0.4781633 0.7695768 -0.4232154
255 255 255 255
-15.44219 -16.18943
0 0 0
1 0 0
-0.1411614 0.3681913 -0.00717788
-0.1235755 -0.1943633 -0.9731146
255 255 255 255
-15.44248 -16.07784
0 0 0
1 0 0
-0.1512206 0.3705679 -0.005948521
-0.2084014 -0.3943059 -0.8950373
255 255 255 255
-15.44239 -16.07579
0 0 0
1 0 0
-0.1410854 0.3667524 -0.0049767
-0.07264616 -0.9379262 0.3391416
255 255 255 255
-15.44226 -16.19092
0 0 0
1 0 0
-0.08781571 0.08448592 0.02539369
-0.3066233 0.07795214 0.9486336
255 255 255 255
-14.02003 -15.59362
12 0 0
1 0 0
-0.06322268 0.07563134 0.03776165
-0.3825577 0.1763237 0.9069508
255 255 255 255
-14.01701 -15.15993
12 0 0
1 0 0
-0.0332401 0.0811169 0.05238366
-0.1630641 0.1394309 0.9767135
255 255 255 255
-14.01384 -14.77986
12 0 0
1 0 0
-0.03525593 0.03881175 0.06597825
-0.2218004 -0.06739217 0.9727604
255 255 255 255
-14.07967 -14.76584
12 0 0
1 0 0
-0.01205905 0.02952562 0.07257395
-0.2552767 -0.03925643 0.9660708
255 255 255 255
-14.08532 -14.42454
12 0 0
1 0 0
0.008231346 0.02153525 0.07850859
0.02524209 -0.04487531 0.9986736
255 255 255 255
-14.09031 -14.26793
12 0 0
1 0 0
0.005300643 0.06791896 0.05293865
0.01179596 0.2613945 0.96516
255 255 255 255
-14.0152 -14.302
12 0 0
1 0 0
0.04388428 0.08069393 0.05164209
0.1902989 0.143363 0.971202
255 255 255 255
-14.01299 -14.77532
12 0 0
1 0 0
0.02673902 0.02932602 0.07219771
0.2936041 -0.05362421 0.9544218
255 255 255 255
-14.08493 -14.4221
12 0 0
1 0 0
0.04896398 0.03838703 0.06517801
0.2508987 -0.06688941 0.9656996
255 255 255 255
-14.0788 -14.76086
12 0 0
1 0 0
0.08472162 0.04200102 0.04841315
0.5715649 0.04195428 0.8194836
255 255 255 255
-14.1066 -15.33736
12 0 0
1 0 0
0.07068364 0.07483657 0.036461
0.4396702 0.189955 0.8778423
255 255 255 255
-14.01553 -15.15267
12 0 0
1 0 0
0.09196509 0.08384992 0.02356978
0.351054 0.07388961 0.9334353
255 255 255 255
-14.01805 -15.58487
12 0 0
1 0 0
0.09559614 0.1045945 0.01908896
0.8350044 -0.06458919 0.5464393
255 255 255 255
-14.01873 -16.36072
12 0 0
1 0 0
0.104083 0.1497523 0.01267404
0.8765839 -0.1039997 0.4698773
255 255 255 255
-14.01971 -17.13507
12 0 0
1 0 0
0.01195851 0.3975871 0.04933992
-0.008505648 0.02914981 -0.9995389
255 255 255 255
-15.27422 -16.41438
0 0 0
1 0 0
0.00806532 0.4085718 0.05984337
-0.01574666 0.9992743 0.0346834
255 255 255 255
-15.29747 -16.39821
0 0 0
1 0 0
0.009480572 0.4086437 0.05980858
-0.02710106 0.9993036 0.02564759
255 255 255 255
-15.29747 -16.39822
0 0 0
1 0 0
0.01441251 0.3959076 0.07047918
0.004928932 -0.03117438 0.9995018
255 255 255 255
-15.27428 -16.41454
0 0 0
1 0 0
0.00590204 0.3958378 0.070559
0.007343863 -0.03587305 0.9993294
255 255 255 255
-15.27428 -16.41454
0 0 0
1 0 0
0.01309748 0.3850194 0.05995833
-0.00234735 -0.9993578 -0.03575508
255 255 255 255
-15.29747 -16.39817
0 0 0
1 0 0
0.004586558 0.3849494 0.06003781
0.003765337 -0.9994069 -0.034229
255 255 255 255
-15.29746 -16.39816
0 0 0
1 0 0
0.003447884 0.3975168 0.04943373
-0.005930476 0.02444998 -0.9996835
255 255 255 255
-15.27421 -16.41438
0 0 0
1 0 0
0.06260271 0.3702123 0.04800652
0.06183089 -0.1368034 -0.9886667
255 255 255 255
-15.27421 -16.41437
0 0 0
1 0 0
0.07942864 0.3829678 0.05934467
0.7666603 0.64139 -0.02916983
255 255 255 255
-15.29748 -16.39824
0 0 0
1 0 0
0.08226395 0.3740935 0.05941153
0.9989265 -0.008837672 -0.04547352
255 255 255 255
-15.29748 -16.39823
0 0 0
1 0 0
0.06600022 0.3685808 0.07129136
0.130501 -0.1509312 0.9798924
255 255 255 255
-15.27429 -16.41455
0 0 0
1 0 0
0.07338632 0.3541656 0.05960835
0.4700855 -0.881941 -0.03463908
255 255 255 255
-15.29747 -16.39817
0 0 0
1 0 0
0.04575783 0.3578164 0.0598693
-0.4558179 -0.8899817 0.01275121
255 255 255 255
-15.29746 -16.39815
0 0 0
1 0 0
0.03780955 0.3649886 0.05989249
-0.9576917 -0.2866727 0.02540383
255 255 255 255
-15.29746 -16.39816
0 0 0
1 0 0
-0.1578871 0.3803299 -0.001354111
0.1950514 0.2752244 0.9413854
255 255 255 255
-15.44184 -16.06445
0 0 0
1 0 0
-0.02419548 0.2139571 0.05524215
-0.06337024 -0.8333853 0.5490474
255 255 255 255
-14.04981 -13.18395
9 0 0
1 0 0
-0.0213603 0.2407934 0.05436686
0.2787911 0.5765074 0.7680591
255 255 255 255
-14.14448 -13.65086
9 0 0
1 0 0
0.0003211066 0.2065411 0.06447633
0.819783 -0.5442867 0.1780669
255 255 255 255
-14.09472 -13.51122
9 0 0
1 0 0
0.03777541 0.2138486 0.05462713
0.06183671 -0.8708727 0.4876033
255 255 255 255
-14.04915 -13.18093
5 0 0
1 0 0
0.01545536 0.2065863 0.06431977
-0.8049601 -0.5560674 0.2069496
255 255 255 255
-14.09458 -13.51055
5 0 0
1 0 0
0.03493092 0.2407576 0.05381972
-0.2578909 0.5490423 0.7950124
255 255 255 255
-14.14395 -13.64845
5 0 0
1 0 0
-0.05216664 0.438347 0.06016709
-0.2361843 0.9715503 0.01751824
255 255 255 255
-15.29747 -16.39821
0 0 0
1 0 0
-0.05172333 0.4210552 0.04859494
-0.1552598 0.1380669 -0.9781778
255 255 255 255
-15.27421 -16.41437
0 0 0
1 0 0
-0.06589495 0.4206984 0.0604601
-0.9455969 0.3218093 0.0478044
255 255 255 255
-15.29746 -16.39816
0 0 0
1 0 0
-0.06617138 0.4080594 0.06053174
-0.8705057 -0.4917131 0.02092843
255 255 255 255
-15.29746 -16.39813
0 0 0
1 0 0
-0.04926932 0.4193759 0.07206363
-0.0963969 0.1178342 0.9883434
255 255 255 255
-15.27428 -16.41454
0 0 0
1 0 0
-0.05186161 0.3968806 0.06051365
-0.7508953 -0.6600278 0.02279431
255 255 255 255
-15.29746 -16.39812
0 0 0
1 0 0
-0.04354631 0.4095655 0.04979189
0.05433377 -0.1062639 -0.9928524
255 255 255 255
-15.27421 -16.41437
0 0 0
1 0 0
-0.02867917 0.4146469 0.06011729
0.8345262 0.5499558 -0.0333843
255 255 255 255
-15.29747 -16.39819
0 0 0
1 0 0
-0.03631295 0.3980285 0.05290486
-0.03143134 1.847193E-06 -0.9995059
255 255 255 255
-15.27422 -16.41439
0 0 0
1 0 0
-0.05059413 0.3908121 0.06052082
-0.8970122 0.4390464 0.05106246
255 255 255 255
-15.29745 -16.39811
0 0 0
1 0 0
-0.03484036 0.3970208 0.06761829
-0.007740761 0.01122981 0.999907
255 255 255 255
-15.27427 -16.4145
0 0 0
1 0 0
-0.03745658 0.3839026 0.07105292
0.1139672 0.08921647 0.9894705
255 255 255 255
-15.27427 -16.41452
0 0 0
1 0 0
-0.06532343 0.3741955 0.06082032
-0.9832826 0.1798424 0.02849877
255 255 255 255
-15.29744 -16.39806
0 0 0
1 0 0
-0.03941973 0.3852462 0.04994642
0.03777914 0.100955 -0.9941734
255 255 255 255
-15.27421 -16.41436
0 0 0
1 0 0
0.03013754 0.3848005 0.05981438
0.01585013 -0.9994535 -0.02900676
255 255 255 255
-15.33283 -16.93535
0 0 0
1 0 0
0.01195851 0.3975871 0.04933992
-0.008505648 0.02914981 -0.9995389
255 255 255 255
-15.26101 -16.61423
0 0 0
1 0 0
0.03041412 0.3974393 0.04916084
0.004123404 -0.02198461 -0.9997498
255 255 255 255
-15.26085 -16.9569
0 0 0
1 0 0
0.009480572 0.4086437 0.05980858
-0.02710106 0.9993036 0.02564759
255 255 255 255
-15.18512 -16.58752
0 0 0
1 0 0
0.02791722 0.4088557 0.05962814
-0.1243846 0.9917668 0.03045114
255 255 255 255
-15.18494 -16.93133
0 0 0
1 0 0
0.03284886 0.3961197 0.0702844
0.0357804 -0.0717366 0.9967816
255 255 255 255
-15.25645 -16.90916
0 0 0
1 0 0
0.01441251 0.3959076 0.07047918
0.004928932 -0.03117438 0.9995018
255 255 255 255
-15.25661 -16.56431
0 0 0
1 0 0
0.01309748 0.3850194 0.05995833
-0.00234735 -0.9993578 -0.03575508
255 255 255 255
-15.33297 -16.59157
0 0 0
1 0 0
-0.01404496 0.3973524 0.04961997
0.00607961 -0.0003736794 -0.9999814
255 255 255 255
-15.27421 -16.41437
0 0 0
1 0 0
-0.01149089 0.3848569 0.06021757
0.1214022 -0.9919593 -0.03575337
255 255 255 255
-15.29746 -16.39814
0 0 0
1 0 0
-0.02454777 0.3813102 0.06035095
0.7473774 -0.6630258 -0.04270587
255 255 255 255
-15.29746 -16.39812
0 0 0
1 0 0
-0.01161022 0.3960326 0.07071455
0.02084841 -0.03284993 0.9992428
255 255 255 255
-15.27428 -16.41453
0 0 0
1 0 0
-0.009918538 0.4087432 0.05999653
0.1294213 0.9914435 0.01703012
255 255 255 255
-15.29747 -16.39819
0 0 0
1 0 0
-0.04111142 0.4082465 0.07087214
0.1088 -0.08362528 0.9905399
255 255 255 255
-15.27428 -16.41453
0 0 0
1 0 0
-0.02378049 0.4293238 0.05996685
0.9001635 0.4351123 -0.01957134
255 255 255 255
-15.29747 -16.39822
0 0 0
1 0 0
-0.06268412 0.09857547 0.04371913
-0.03013683 0.3983869 0.9167222
255 255 255 255
-15.48912 -17.86021
6 0 0
1 0 0
-0.05838118 0.09771109 0.04637228
-0.1850828 0.6254925 0.7579601
255 255 255 255
-15.4887 -17.86009
6 0 0
1 0 0
-0.05935812 0.1250758 0.0494119
0.2379132 -0.4131531 0.8790346
255 255 255 255
-15.39313 -17.85988
8 0 0
1 0 0
-0.0391726 0.1369193 0.05162366
0.009570743 -0.5989095 0.8007595
255 255 255 255
-15.39238 -17.8597
8 0 0
1 0 0
-0.03005702 0.0987846 0.05474005
-0.003281183 0.5740955 0.8187817
255 255 255 255
-15.48723 -17.85968
10 6 0
0.5 0.5 0
0.006425178 0.08872848 0.05449172
0.01983635 0.5835664 0.8118231
255 255 255 255
-15.48713 -17.85965
10 0 0
1 0 0
0.006796995 0.1352791 0.05342573
-0.01697739 -0.7799453 0.6256174
255 255 255 255
-15.39168 -17.85954
7 0 0
1 0 0
0.05167079 0.1364693 0.050776
0.007830247 -0.5883449 0.8085722
255 255 255 255
-15.39175 -17.85956
11 0 0
1 0 0
0.04327454 0.09852998 0.05406567
0.02331286 0.5663046 0.8238664
255 255 255 255
-15.48681 -17.85956
13 10 0
0.5 0.5 0
0.06890181 0.09694152 0.04487379
0.1878141 0.6235229 0.7589105
255 255 255 255
-15.48802 -17.85991
13 0 0
1 0 0
0.07124596 0.1241141 0.0482992
-0.1936234 -0.3676888 0.9095685
255 255 255 255
-15.39221 -17.85966
11 0 0
1 0 0
0.07261834 0.09821192 0.04246828
0.05191958 0.3703262 0.9274497
255 255 255 255
-15.48834 -17.85999
13 0 0
1 0 0
0.1725163 0.3847956 -0.01874389
0.324345 -0.1506579 -0.9338643
255 255 255 255
-15.44184 -16.06449
0 0 0
1 0 0
0.1771622 0.3774559 -0.004447978
0.6284633 -0.7075517 0.3231167
255 255 255 255
-15.44036 -16.18677
0 0 0
1 0 0
0.1659499 0.3837416 -0.0120711
-0.3043395 -0.3933409 -0.86756
255 255 255 255
-15.44118 -16.05061
0 0 0
1 0 0
0.1674985 0.3812951 -0.00725224
0.05438384 -0.9408795 0.3343476
255 255 255 255
-15.44068 -16.15845
0 0 0
1 0 0
0.1653636 0.3858763 -0.005281992
-0.5176985 0.1006583 0.8496212
255 255 255 255
-15.44043 -16.03517
0 0 0
1 0 0
0.1712295 0.3912231 0.001422523
0.184185 0.4171627 0.8899725
255 255 255 255
-15.43963 -16.01855
0 0 0
1 0 0
0.1666027 0.3982033 -0.01290136
-0.1872711 0.9218293 -0.3393527
255 255 255 255
-15.44113 -16.20247
0 0 0
1 0 0
0.163834 0.3879627 -0.01008482
-0.8961557 0.3614109 -0.2574629
255 255 255 255
-15.44094 -16.16379
0 0 0
1 0 0
0.1594215 0.3819681 -0.00887456
-0.7277785 0.6207117 -0.2916426
255 255 255 255
-15.44089 -16.16277
0 0 0
1 0 0
0.1610465 0.3780826 -0.01063128
0.09512492 -0.2894131 -0.9524659
255 255 255 255
-15.4411 -16.04904
0 0 0
1 0 0
0.1625762 0.3759955 -0.006381385
0.6266087 -0.7142978 0.3116731
255 255 255 255
-15.44066 -16.15808
0 0 0
1 0 0
0.1609511 0.3798815 -0.00463934
-0.1152358 0.2045777 0.9720436
255 255 255 255
-15.44044 -16.0354
0 0 0
1 0 0
0.07561088 -0.0003026959 0.04029132
0.09715496 -0.9897108 -0.10504
255 255 255 255
-14.15384 -15.31221
12 0 0
1 0 0
0.08554159 0.1399879 0.06270973
0.7202495 0.1708486 0.6723477
255 255 255 255
-14.57713 -14.27845
11 0 0
1 0 0
0.04951684 0.14141 0.06788197
0.1063388 -0.7708185 0.628117
255 255 255 255
-14.6439 -13.67396
11 0 0
1 0 0
0.06867293 0.1369693 0.05743412
-0.1210669 -0.7293611 0.6733314
255 255 255 255
-14.64985 -14.27894
11 0 0
1 0 0
0.05167079 0.1364693 0.050776
0.007830247 -0.5883449 0.8085722
255 255 255 255
-14.68769 -13.62131
11 0 0
1 0 0
0.006796995 0.1352791 0.05342573
-0.01697739 -0.7799453 0.6256174
255 255 255 255
-14.68746 -13.62119
7 0 0
1 0 0
0.02066842 0.1323747 0.07050169
0.4180086 -0.8648354 0.27808
255 255 255 255
-14.6436 -13.11088
7 0 0
1 0 0
0.008879464 0.1227597 0.07263532
0.005264896 -0.9804091 0.1969014
255 255 255 255
-14.64312 -12.50641
7 0 0
1 0 0
-0.003467007 0.1325952 0.07069167
-0.399804 -0.8458878 0.3530306
255 255 255 255
-14.64417 -13.11131
7 0 0
1 0 0
0.0005832828 0.1454252 0.07904614
0.3130433 0.4645764 0.8283554
255 255 255 255
-14.56921 -13.10697
7 0 0
1 0 0
0.009875185 0.1307456 0.08032905
0.05998347 -0.2041377 0.9771028
255 255 255 255
-14.56887 -12.50099
7 0 0
1 0 0
0.004471652 0.1434576 0.03773638
0.03384325 0.9941217 0.1028436
255 255 255 255
-14.5267 -12.52806
7 0 0
1 0 0
0.01903889 0.1452774 0.07889231
-0.2292875 0.4260308 0.8751714
255 255 255 255
-14.56876 -13.10665
7 0 0
1 0 0
0.05626416 0.1569012 0.07658573
0.1911839 0.5316889 0.8250791
255 255 255 255
-14.5685 -13.67117
11 0 0
1 0 0
0.05086544 0.1605963 0.03572896
0.1182026 0.9895669 0.08237451
255 255 255 255
-14.52567 -13.83209
11 0 0
1 0 0
0.07633049 0.1442108 0.02310926
0.7612196 0.6343283 -0.134805
255 255 255 255
-14.53389 -14.28149
11 0 0
1 0 0
0.08138175 0.1202984 0.0285278
0.9487368 0.2043101 -0.2411555
255 255 255 255
-14.53147 -14.88096
13 11 0
0.5 0.5 0
0.08583683 0.1165562 0.05025069
0.6779694 0.008741394 0.7350382
255 255 255 255
-14.58568 -14.88967
13 11 0
0.5 0.5 0
0.04581882 0.026324 0.05587151
0.3211902 -0.9294146 -0.1817291
255 255 255 255
-14.10388 -14.73968
12 0 0
1 0 0
0.09865536 0.0710346 0.05119762
0.6923922 -0.7052615 -0.152313
255 255 255 255
-14.54901 -15.79224
13 0 0
1 0 0
0.0748436 0.065139 0.07348744
0.06423651 -0.863865 0.4996108
255 255 255 255
-14.53586 -16.10279
13 0 0
1 0 0
0.09002555 0.08214001 0.02781625
0.618477 -0.4999866 -0.6062174
255 255 255 255
-14.52938 -15.93165
13 0 0
1 0 0
0.04986431 0.09020627 0.03336338
-0.01361077 -0.8935112 -0.4488345
255 255 255 255
-14.52911 -17.03282
13 10 0
0.5 0.5 0
-0.08680555 0.07174345 0.05288577
-0.6942671 -0.7195757 -0.01428404
255 255 255 255
-14.55357 -15.78928
6 0 0
1 0 0
-0.08409423 0.08306279 0.02943038
-0.7838527 -0.466098 -0.4102774
255 255 255 255
-14.53371 -15.92855
6 0 0
1 0 0
-0.0576285 0.06564569 0.07464414
-0.03138004 -0.8749394 0.4832145
255 255 255 255
-14.53915 -16.10015
6 0 0
1 0 0
-0.04380957 0.09051335 0.03423525
0.03548468 -0.8875171 -0.4594065
255 255 255 255
-14.53145 -17.02985
10 6 0
0.5 0.5 0
-0.03719529 0.07281265 0.0770459
-0.01981987 -0.818169 0.574636
255 255 255 255
-14.53662 -17.06732
10 6 0
0.5 0.5 0
0.03483025 0.001600138 0.05768178
0.170694 -0.976584 -0.1309479
255 255 255 255
-14.14646 -14.46513
12 0 0
1 0 0
0.02437078 0.01153111 0.05957562
0.1854082 -0.7936854 -0.5793853
255 255 255 255
-14.12044 -14.43208
12 0 0
1 0 0
0.008683852 0.06395344 0.07404175
0.008500412 -0.9186223 0.3950455
255 255 255 255
-14.53759 -17.97162
10 0 0
1 0 0
0.003752069 0.07668953 0.03614957
-0.02031724 -0.9224645 -0.3855467
255 255 255 255
-14.52696 -17.93027
10 0 0
1 0 0
0.05459158 0.07240992 0.07624395
-0.01121344 -0.8155615 0.5785617
255 255 255 255
-14.53434 -17.07026
13 10 0
0.5 0.5 0
0.006177295 -0.02005077 0.06316376
-0.01068069 -0.9971483 -0.0747072
255 255 255 255
-14.14727 -14.2978
12 0 0
1 0 0
0.08909635 0.09075004 0.07517355
0.4651357 0.4471261 0.7640203
255 255 255 255
-14.60686 -15.98803
13 0 0
1 0 0
0.1025914 0.08602311 0.05657931
0.9628981 0.2698303 -0.004329165
255 255 255 255
-14.6177 -15.67834
13 0 0
1 0 0
-0.01252147 0.01146688 0.05996415
-0.1588095 -0.84457 -0.5113522
255 255 255 255
-14.12079 -14.4344
12 0 0
1 0 0
0.07261834 0.09821192 0.04246828
0.05191958 0.3703262 0.9274497
255 255 255 255
-14.69539 -15.64049
13 0 0
1 0 0
0.06890181 0.09694152 0.04487379
0.1878141 0.6235229 0.7589105
255 255 255 255
-14.69414 -15.94106
13 0 0
1 0 0
0.1539749 0.3687066 -0.005455616
0.355826 -0.8561589 0.3746728
255 255 255 255
-15.44067 -16.15841
0 0 0
1 0 0
0.1523689 0.3722323 -0.003959849
-0.1758537 0.1667707 0.9701871
255 255 255 255
-15.44049 -16.03633
0 0 0
1 0 0
0.1421429 0.3688289 -0.007055763
-0.3049346 0.3114322 0.9000139
255 255 255 255
-15.44091 -16.04504
0 0 0
1 0 0
0.141614 0.3698845 -0.009259671
-0.2531418 0.8425134 -0.4754898
255 255 255 255
-15.44114 -16.16791
0 0 0
1 0 0
0.1513301 0.3739835 -0.007653046
-0.4820233 0.8104566 -0.3328865
255 255 255 255
-15.44087 -16.16251
0 0 0
1 0 0
0.1422002 0.3677498 -0.01012473
0.1106445 -0.1709487 -0.9790477
255 255 255 255
-15.44124 -16.05206
0 0 0
1 0 0
0.152936 0.3704578 -0.009134145
0.1669544 -0.3714614 -0.913314
255 255 255 255
-15.44106 -16.04811
0 0 0
1 0 0
0.1432009 0.3667183 -0.007946741
0.1113228 -0.9696233 0.2178027
255 255 255 255
-15.44102 -16.16545
0 0 0
1 0 0
-0.06268412 0.09857547 0.04371913
-0.03013683 0.3983869 0.9167222
255 255 255 255
-14.64388 -13.80248
6 0 0
1 0 0
-0.05935812 0.1250758 0.0494119
0.2379132 -0.4131531 0.8790346
255 255 255 255
-14.68868 -13.67895
8 0 0
1 0 0
-0.06701581 0.1178348 0.04905715
0.2773512 -0.3005247 0.9125575
255 255 255 255
-14.67773 -13.85562
8 6 0
0.5 0.5 0
-0.02383853 0.001875797 0.05825894
-0.2153961 -0.968849 -0.1222139
255 255 255 255
-14.14701 -14.46881
12 0 0
1 0 0
-0.0391726 0.1369193 0.05162366
0.009570743 -0.5989095 0.8007595
255 255 255 255
-14.68975 -13.62232
8 0 0
1 0 0
-0.05432595 0.1372339 0.05854921
0.1286665 -0.7451822 0.6543305
255 255 255 255
-14.65273 -14.2793
8 0 0
1 0 0
-0.03279697 0.1415705 0.0686007
-0.09979065 -0.762904 0.6387639
255 255 255 255
-14.64584 -13.67484
8 0 0
1 0 0
-0.03740943 0.1572087 0.07740405
-0.1117105 0.5362069 0.8366617
255 255 255 255
-14.57078 -13.67217
8 0 0
1 0 0
-0.04186496 0.1609507 0.03657935
-0.1595476 0.9792311 0.1251045
255 255 255 255
-14.52797 -13.83288
8 0 0
1 0 0
-0.07080397 0.1446963 0.0244836
-0.7832583 0.6118702 0.1100971
255 255 255 255
-14.53754 -14.28193
8 0 0
1 0 0
-0.0696507 0.1407868 0.06407894
-0.5963362 0.1899219 0.7799441
255 255 255 255
-14.5809 -14.27892
8 0 0
1 0 0
-0.07362017 0.1175003 0.05166323
-0.5429651 0.004985011 0.8397404
255 255 255 255
-14.58954 -14.88892
8 6 0
0.5 0.5 0
-0.06701581 0.1178348 0.04905715
0.2773512 -0.3005247 0.9125575
255 255 255 255
-14.66092 -14.86742
8 6 0
0.5 0.5 0
0.05053183 0.07129144 0.04509551
-0.1648048 -0.6396207 -0.7508161
255 255 255 255
-14.01487 -14.78533
12 0 0
1 0 0
-0.0890215 0.08678075 0.05831419
-0.9451705 0.2967688 0.1363121
255 255 255 255
-14.62226 -15.67554
6 0 0
1 0 0
-0.07083284 0.09166978 0.07654174
-0.3798119 0.4660688 0.7990763
255 255 255 255
-14.61069 -15.98507
6 0 0
1 0 0
-0.06268412 0.09857547 0.04371913
-0.03013683 0.3983869 0.9167222
255 255 255 255
-14.69848 -15.63858
6 0 0
1 0 0
-0.05838118 0.09771109 0.04637228
-0.1850828 0.6254925 0.7579601
255 255 255 255
-14.69683 -15.93895
6 0 0
1 0 0
-0.03675212 0.0912312 0.08186817
0.006104695 0.4893085 0.8720894
255 255 255 255
-14.60685 -16.95508
10 6 0
0.5 0.5 0
-0.03005702 0.0987846 0.05474005
-0.003281183 0.5740955 0.8187817
255 255 255 255
-14.69143 -16.90244
10 6 0
0.5 0.5 0
0.009412927 0.07697617 0.07995421
0.0007917234 0.2197728 0.9755508
255 255 255 255
-14.60776 -17.86202
10 0 0
1 0 0
0.05597826 0.09087662 0.08105769
0.02822755 0.4896029 0.8714885
255 255 255 255
-14.60463 -16.95793
13 10 0
0.5 0.5 0
0.006425178 0.08872848 0.05449172
0.01983635 0.5835664 0.8118231
255 255 255 255
-14.6918 -17.80301
10 0 0
1 0 0
0.04327454 0.09852998 0.05406567
0.02331286 0.5663046 0.8238664
255 255 255 255
-14.68975 -16.90464
13 10 0
0.5 0.5 0
0.1053842 0.1519827 0.01673734
0.9413232 -0.2291656 -0.2477776
255 255 255 255
-14.90699 -15.02711
12 0 0
1 0 0
0.0960679 0.1046185 0.02147877
0.8827027 -0.1564268 0.4431326
255 255 255 255
-14.95654 -15.02712
12 0 0
1 0 0
-0.1578871 0.3803299 -0.001354111
0.1950514 0.2752244 0.9413854
255 255 255 255
-15.18159 -17.98407
0 0 0
1 0 0
-0.1600362 0.3762529 -0.003031348
-0.605958 -0.6808907 0.4113426
255 255 255 255
-15.21412 -17.98419
0 0 0
1 0 0
-0.149429 0.3724621 -0.0008479068
0.2285752 0.2181672 0.9487658
255 255 255 255
-15.18152 -17.55353
0 0 0
1 0 0
-0.1515971 0.368745 -0.002264192
-0.3447265 -0.839625 0.4197542
255 255 255 255
-15.21399 -17.55386
0 0 0
1 0 0
-0.1596788 0.3784353 -0.007299313
-0.1651745 -0.3420311 -0.9250579
255 255 255 255
-15.25315 -17.98439
0 0 0
1 0 0
-0.1512206 0.3705679 -0.005948521
-0.2084014 -0.3943059 -0.8950373
255 255 255 255
-15.2529 -17.55451
0 0 0
1 0 0
-0.1575294 0.3825122 -0.005593426
0.6932319 0.5983881 -0.4016978
255 255 255 255
-15.29078 -17.98429
0 0 0
1 0 0
-0.1495245 0.3742608 -0.004506307
0.4781633 0.7695768 -0.4232154
255 255 255 255
-15.29061 -17.55417
0 0 0
1 0 0
-0.1578871 0.3803299 -0.001354111
0.1950514 0.2752244 0.9413854
255 255 255 255
-15.3342 -17.98407
0 0 0
1 0 0
-0.149429 0.3724621 -0.0008479068
0.2285752 0.2181672 0.9487658
255 255 255 255
-15.33415 -17.55353
0 0 0
1 0 0
0.02016809 0.0730001 0.06614813
0.1112649 0.05333566 0.9923585
255 255 255 255
-15.49457 -15.5143
10 0 0
1 0 0
0.02025853 0.08021905 0.0661031
0.1990562 0.00412799 0.9799794
255 255 255 255
-15.38161 -15.51454
10 0 0
1 0 0
0.01124275 0.07182679 0.06971136
0.01016647 -0.08611223 0.9962336
255 255 255 255
-15.49383 -15.39532
10 0 0
1 0 0
0.01125704 0.08048464 0.07078313
-0.03299582 0.02437465 0.9991582
255 255 255 255
-15.41316 -15.39621
10 0 0
1 0 0
0.005996456 0.07264332 0.06746754
-0.1237964 -0.03375342 0.9917334
255 255 255 255
-15.49439 -15.27329
10 0 0
1 0 0
0.006029717 0.08094154 0.06747505
-0.1449502 0.04280181 0.9885127
255 255 255 255
-15.38136 -15.27356
10 0 0
1 0 0
0.01038036 0.09703337 0.0674116
0.03785471 0.1514547 0.9877391
255 255 255 255
-15.2681 -15.39494
10 0 0
1 0 0
0.006534726 0.08926316 0.06746276
0.03623983 0.02553958 0.9990168
255 255 255 255
-15.26829 -15.27383
10 0 0
1 0 0
-0.01974533 0.07638967 0.06442314
-0.2865899 0.04756161 0.9568721
255 255 255 255
-15.49529 -15.51248
10 0 0
1 0 0
-0.0189207 0.08761352 0.06445076
-0.2486768 0.04812736 0.9673901
255 255 255 255
-15.38237 -15.51295
10 0 0
1 0 0
-0.03573233 0.083516 0.06106593
-0.3622945 0.07736131 0.9288477
255 255 255 255
-15.49611 -15.39002
10 6 0
0.5 0.5 0
-0.03630385 0.09430845 0.05943099
-0.4683648 0.07431294 0.8804045
255 255 255 255
-15.4284 -15.3895
10 6 0
0.5 0.5 0
-0.04116943 0.08792997 0.05321665
-0.2892201 0.02764948 0.9568632
255 255 255 255
-15.49794 -15.26577
6 0 0
1 0 0
-0.04151252 0.09440555 0.05309385
-0.2458163 0.06184708 0.9673413
255 255 255 255
-15.38567 -15.26592
6 0 0
1 0 0
-0.03716653 0.1195149 0.05561636
-0.3672064 0.093449 0.9254333
255 255 255 255
-15.27206 -15.3883
10 6 0
0.5 0.5 0
-0.04234632 0.1012165 0.05300073
-0.1491882 0.05915303 0.9870378
255 255 255 255
-15.27337 -15.26607
6 0 0
1 0 0
0.04807794 0.1801026 0.031944
-0.1533268 -0.00394407 -0.9881676
255 255 255 255
-15.86917 -14.06161
0 0 0
1 0 0
0.08534624 0.1819893 0.01718725
-0.4565352 0.0329404 -0.8890954
255 255 255 255
-15.86611 -14.92133
0 0 0
1 0 0
0.06881589 0.07438144 0.02335078
-0.3033356 -0.6600729 -0.6872345
255 255 255 255
-15.97634 -14.9122
12 0 0
1 0 0
0.04900222 0.07337823 0.03256348
-0.1170211 -0.6684119 -0.7345281
255 255 255 255
-15.97898 -14.02174
12 0 0
1 0 0
0.04718738 0.3308355 0.03104723
-0.1423621 -0.004996673 -0.9898021
255 255 255 255
-15.79647 -14.02861
0 0 0
1 0 0
0.1079338 0.3270577 0.008876795
-0.4505598 0.03221019 -0.892165
255 255 255 255
-15.79606 -14.97477
0 0 0
1 0 0
-0.04251774 0.1401654 0.05115736
0.05177463 -0.02424416 0.9983644
255 255 255 255
-15.49733 -15.50731
8 0 0
1 0 0
-0.04343777 0.13074 0.05107106
0.1185636 -0.1196917 0.9857062
255 255 255 255
-15.36896 -15.50687
8 0 0
1 0 0
-0.03339723 0.1287237 0.05722535
-0.2452636 -0.09358078 0.9649292
255 255 255 255
-15.36712 -15.39029
8 7 0
0.5 0.5 0
0.06881589 0.07438144 0.02335078
-0.3033356 -0.6600729 -0.6872345
255 255 255 255
-14.96809 -15.5051
12 0 0
1 0 0
0.05053183 0.07129144 0.04509551
-0.1648048 -0.6396207 -0.7508161
255 255 255 255
-14.96756 -15.02637
12 0 0
1 0 0
0.04900222 0.07337823 0.03256348
-0.1170211 -0.6684119 -0.7345281
255 255 255 255
-14.95936 -15.03003
12 0 0
1 0 0
-0.04366139 0.1260394 0.05103422
-0.1623873 0.001913803 0.9867252
255 255 255 255
-15.27307 -15.50667
8 0 0
1 0 0
-0.03389757 0.1113839 0.05320197
-0.3030215 -0.1418098 0.9423736
255 255 255 255
-15.27255 -15.38747
8 7 0
0.5 0.5 0
0.06618552 0.08831587 0.04522377
0.9904 -0.03133212 -0.1346333
255 255 255 255
-15.49815 -15.50525
13 0 0
1 0 0
0.06644285 0.1013149 0.04419293
0.9758101 0.1953387 0.09817097
255 255 255 255
-15.36979 -15.50514
13 0 0
1 0 0
0.06661905 0.08905925 0.04912265
0.7729487 -0.0109362 0.6343742
255 255 255 255
-15.49721 -15.38746
13 0 0
1 0 0
0.06661438 0.09807722 0.04902987
0.7061864 0.09228651 0.7019857
255 255 255 255
-15.36846 -15.38773
13 0 0
1 0 0
0.06048629 0.08874902 0.05005012
0.4145028 0.02304948 0.9097561
255 255 255 255
-15.49705 -15.26765
13 0 0
1 0 0
0.06055762 0.0963276 0.04970765
0.4133712 0.01123395 0.9104933
255 255 255 255
-15.36836 -15.26772
13 0 0
1 0 0
0.05584507 0.08707083 0.05521385
0.2847821 0.009359648 0.9585465
255 255 255 255
-15.49591 -15.39049
13 0 0
1 0 0
0.05634994 0.09539294 0.05507058
0.2669964 0.1189698 0.9563258
255 255 255 255
-15.36689 -15.39073
13 0 0
1 0 0
0.04822062 0.08812793 0.05449717
-0.1321023 0.0978853 0.9863912
255 255 255 255
-15.49613 -15.51034
13 0 0
1 0 0
0.04734875 0.09565869 0.05285473
-0.1784494 0.2134373 0.9605209
255 255 255 255
-15.36762 -15.50963
13 0 0
1 0 0
0.05675999 0.1055139 0.05150769
0.2228243 0.2773073 0.9345855
255 255 255 255
-15.27155 -15.38914
13 0 0
1 0 0
0.06115818 0.1028508 0.04941396
0.5314026 0.04796163 0.8457605
255 255 255 255
-15.27223 -15.2678
13 0 0
1 0 0
0.06305934 0.1116036 0.04816618
0.5633104 0.1909703 0.8038729
255 255 255 255
-15.27243 -15.38767
13 0 0
1 0 0
0.03284886 0.3961197 0.0702844
0.0357804 -0.0717366 0.9967816
255 255 255 255
-15.27428 -16.41455
0 0 0
1 0 0
0.03013754 0.3848005 0.05981438
0.01585013 -0.9994535 -0.02900676
255 255 255 255
-15.29747 -16.39819
0 0 0
1 0 0
0.05407794 0.3971944 0.06693095
0.02222132 0.004567384 0.9997426
255 255 255 255
-15.27428 -16.41453
0 0 0
1 0 0
0.04168828 0.3810567 0.05973217
-0.923449 -0.3827013 0.02795726
255 255 255 255
-15.29747 -16.39819
0 0 0
1 0 0
0.05716095 0.3836436 0.07016877
-0.04428999 0.1035002 0.9936428
255 255 255 255
-15.27428 -16.41455
0 0 0
1 0 0
0.02791722 0.4088557 0.05962814
-0.1243846 0.9917668 0.03045114
255 255 255 255
-15.29748 -16.39824
0 0 0
1 0 0
0.03041412 0.3974393 0.04916084
0.004123404 -0.02198461 -0.9997498
255 255 255 255
-15.27422 -16.41439
0 0 0
1 0 0
-0.1343426 0.2484189 0.023478
-0.8399409 -0.1444921 0.5230882
255 255 255 255
-14.05861 -14.38792
9 0 0
1 0 0
-0.1400228 0.2484923 0.000226594
-0.9442436 -0.1097409 0.3104207
255 255 255 255
-14.03181 -14.72184
9 0 0
1 0 0
-0.08451816 0.2365129 0.05801298
-0.3365948 -0.3498853 0.8742335
255 255 255 255
-14.04939 -14.0835
9 0 0
1 0 0
-0.0891976 0.2355548 0.03846739
-0.4367389 -0.6797244 0.5892656
255 255 255 255
-14.01607 -14.10933
9 0 0
1 0 0
-0.03795735 0.2237205 0.06823707
-0.1515286 -0.2823862 0.9472577
255 255 255 255
-14.04645 -13.73481
9 0 0
1 0 0
-0.03684231 0.2205307 0.0571012
-0.2754981 -0.6040853 0.7477846
255 255 255 255
-14.01071 -13.67811
9 0 0
1 0 0
-0.07522592 0.1210262 0.02998365
-0.9684049 0.2318156 0.09194254
255 255 255 255
-14.53537 -14.88024
8 6 0
0.5 0.5 0
0.08964922 0.07399325 0.02184683
-0.3854926 -0.5003325 -0.7752824
255 255 255 255
-14.99002 -15.97779
12 0 0
1 0 0
0.08711892 0.07711147 0.005026707
0.1692484 -0.5036347 -0.847176
255 255 255 255
-14.98654 -15.97787
12 0 0
1 0 0
0.1103301 0.1836149 0.007449933
0.9648724 -0.1478265 -0.2171837
255 255 255 255
-15.89696 -15.17829
0 0 0
1 0 0
0.08711892 0.07711147 0.005026707
0.1692484 -0.5036347 -0.847176
255 255 255 255
-15.97274 -15.12605
12 0 0
1 0 0
0.1117836 0.1829672 0.01360287
0.9286827 -0.1788397 0.3249072
255 255 255 255
-15.85178 -15.2286
0 0 0
1 0 0
0.1053842 0.1519827 0.01673734
0.9413232 -0.2291656 -0.2477776
255 255 255 255
-15.87549 -15.22861
12 0 0
1 0 0
0.1409991 0.2475716 0.02071672
0.9181798 -0.1568706 0.3637821
255 255 255 255
-14.05571 -14.37866
5 0 0
1 0 0
0.09903695 0.2360683 0.05625491
0.3882586 -0.3600034 0.8483235
255 255 255 255
-14.04744 -14.07661
5 0 0
1 0 0
0.09909398 0.2349892 0.03662165
0.3980599 -0.8422801 0.3634728
255 255 255 255
-14.01398 -14.10233
5 0 0
1 0 0
0.05477288 0.2233659 0.06735667
0.1848753 -0.3293079 0.9259468
255 255 255 255
-14.04546 -13.73096
5 0 0
1 0 0
0.05067956 0.2202735 0.05626208
0.3044391 -0.6435445 0.7022588
255 255 255 255
-14.00973 -13.67438
5 0 0
1 0 0
-0.04531017 0.1393021 0.05460462
0.09743469 -0.05007395 0.9939815
255 255 255 255
-15.49655 -15.38898
8 0 0
1 0 0
-0.04621094 0.1295172 0.0539258
0.01235087 -0.21951 0.9755321
255 255 255 255
-15.36819 -15.38825
8 0 0
1 0 0
-0.04859362 0.1387754 0.04983658
-0.6811379 0.0839249 0.7273292
255 255 255 255
-15.49772 -15.26625
8 0 0
1 0 0
-0.0510237 0.1310773 0.04943271
-0.5883635 -0.002543232 0.8085926
255 255 255 255
-15.27357 -15.26575
8 0 0
1 0 0
-0.04679225 0.1226347 0.05040044
-0.1631501 -0.2854409 0.9444075
255 255 255 255
-15.27338 -15.38607
8 0 0
1 0 0
-0.07686947 0.2617898 0.04338586
-0.08568495 0.4870233 0.8691757
255 255 255 255
-14.14721 -14.08656
9 0 0
1 0 0
-0.1000093 0.2699967 0.03296495
-0.3525789 0.4792787 0.8037289
255 255 255 255
-14.14968 -14.28251
9 0 0
1 0 0
0.08872059 0.2611566 0.0417823
0.09914982 0.4987509 0.8610557
255 255 255 255
-14.14565 -14.08037
5 0 0
1 0 0
0.07124596 0.1241141 0.0482992
-0.1936234 -0.3676888 0.9095685
255 255 255 255
-14.68566 -13.67793
11 0 0
1 0 0
0.07823179 0.1172537 0.04774149
-0.2479187 -0.2782141 0.9279727
255 255 255 255
-14.67437 -13.85441
13 11 0
0.5 0.5 0
0.07261834 0.09821192 0.04246828
0.05191958 0.3703262 0.9274497
255 255 255 255
-14.6407 -13.80126
13 0 0
1 0 0
-0.04116943 0.08792997 0.05321665
-0.2892201 0.02764948 0.9568632
255 255 255 255
-15.49794 -15.50577
6 0 0
1 0 0
-0.04151252 0.09440555 0.05309385
-0.2458163 0.06184708 0.9673413
255 255 255 255
-15.38567 -15.50594
6 0 0
1 0 0
-0.0473213 0.0879794 0.05631734
-0.04698795 0.1547922 0.986829
255 255 255 255
-15.49727 -15.38733
6 0 0
1 0 0
-0.04860789 0.09440698 0.05443407
-0.2224175 0.1608877 0.9615849
255 255 255 255
-15.42171 -15.38651
6 0 0
1 0 0
-0.05213406 0.0895393 0.05221924
-0.5172812 0.08191942 0.8518857
255 255 255 255
-15.49825 -15.26512
6 0 0
1 0 0
-0.05532676 0.09623089 0.04918473
-0.4970776 0.1093042 0.8607941
255 255 255 255
-15.27487 -15.26376
6 0 0
1 0 0
-0.0506711 0.1065665 0.05077976
-0.2682546 0.1965367 0.9430869
255 255 255 255
-15.27407 -15.3849
6 0 0
1 0 0
-0.04234632 0.1012165 0.05300073
-0.1491882 0.05915303 0.9870378
255 255 255 255
-15.27337 -15.50613
6 0 0
1 0 0
0.02080191 0.08782138 0.06600418
0.3474529 0.03554044 0.9370236
255 255 255 255
-15.26862 -15.51479
10 0 0
1 0 0
0.104083 0.1497523 0.01267404
0.8765839 -0.1039997 0.4698773
255 255 255 255
-15.92198 -15.1889
12 0 0
1 0 0
0.09559614 0.1045945 0.01908896
0.8350044 -0.06458919 0.5464393
255 255 255 255
-15.95892 -15.19953
12 0 0
1 0 0
0.0960679 0.1046185 0.02147877
0.8827027 -0.1564268 0.4431326
255 255 255 255
-15.91155 -15.22862
12 0 0
1 0 0
0.09196509 0.08384992 0.02356978
0.351054 0.07388961 0.9334353
255 255 255 255
-15.92735 -15.22863
12 0 0
1 0 0
0.1103301 0.1836149 0.007449933
0.9648724 -0.1478265 -0.2171837
255 255 255 255
-14.90656 -16.97094
0 0 0
1 0 0
0.08964922 0.07399325 0.02184683
-0.3854926 -0.5003325 -0.7752824
255 255 255 255
-14.87937 -16.89571
12 0 0
1 0 0
0.08711892 0.07711147 0.005026707
0.1692484 -0.5036347 -0.847176
255 255 255 255
-14.92373 -16.89825
12 0 0
1 0 0
-0.009352213 0.08557312 0.06904381
-0.1391446 0.09686523 0.9855231
255 255 255 255
-15.42194 -15.39501
10 0 0
1 0 0
0.006029717 0.08094154 0.06747505
-0.1449502 0.04280181 0.9885127
255 255 255 255
-15.38136 -15.51506
10 0 0
1 0 0
0.006534726 0.08926316 0.06746276
0.03623983 0.02553958 0.9990168
255 255 255 255
-15.26829 -15.51539
10 0 0
1 0 0
-0.008856526 0.1119307 0.06548604
-0.09786904 0.09934114 0.9902288
255 255 255 255
-15.26865 -15.39401
10 0 0
1 0 0
-0.0189207 0.08761352 0.06445076
-0.2486768 0.04812736 0.9673901
255 255 255 255
-15.38237 -15.27179
10 0 0
1 0 0
-0.01807726 0.09847804 0.0644801
-0.1528332 0.03132768 0.9877553
255 255 255 255
-15.26938 -15.27217
10 0 0
1 0 0
-0.01974533 0.07638967 0.06442314
-0.2865899 0.04756161 0.9568721
255 255 255 255
-15.49529 -15.27139
10 0 0
1 0 0
-0.009647908 0.07329409 0.07068898
-0.1169917 0.09960169 0.9881257
255 255 255 255
-15.49376 -15.39546
10 0 0
1 0 0
0.005996456 0.07264332 0.06746754
-0.1237964 -0.03375342 0.9917334
255 255 255 255
-15.49439 -15.51474
10 0 0
1 0 0
0.05047449 0.1437918 0.05066377
0.3226501 0.01825698 0.9463422
255 255 255 255
-15.49648 -15.26888
11 0 0
1 0 0
0.04125405 0.1303391 0.0580887
0.249548 -0.03895915 0.9675784
255 255 255 255
-15.36593 -15.39255
11 7 0
0.5 0.5 0
0.05133251 0.1276031 0.05048708
0.1064617 -0.1069753 0.9885455
255 255 255 255
-15.27192 -15.26828
11 0 0
1 0 0
0.03845213 0.1118011 0.05368463
0.3188823 -0.2441764 0.9158012
255 255 255 255
-15.27139 -15.38943
11 7 0
0.5 0.5 0
-0.1082488 0.1844513 0.009665781
-0.9845619 -0.1376035 0.108181
255 255 255 255
-14.91856 -16.9721
0 0 0
1 0 0
-0.08745366 0.07765054 0.006838678
-0.3191214 -0.525449 -0.7887109
255 255 255 255
-14.93327 -16.89934
12 0 0
1 0 0
-0.08588582 0.07484413 0.023609
0.2393199 -0.5322067 -0.812085
255 255 255 255
-14.88906 -16.89681
12 0 0
1 0 0
0.04164485 0.1408195 0.05696338
0.239642 0.09107593 0.96658
255 255 255 255
-15.49512 -15.39233
11 7 0
0.5 0.5 0
0.03133314 0.12118 0.05841139
0.256065 -0.04657601 0.9655369
255 255 255 255
-15.26974 -15.51275
11 7 0
0.5 0.5 0
0.03039898 0.1388077 0.055543
0.126456 0.1491162 0.9807004
255 255 255 255
-15.49559 -15.51171
11 7 0
0.5 0.5 0
-0.02707396 0.1254363 0.0577534
-0.5597094 -0.05257023 0.8270198
255 255 255 255
-15.27068 -15.27017
8 7 0
0.5 0.5 0
-0.02681183 0.1294178 0.05771416
-0.407896 -0.02029196 0.9128029
255 255 255 255
-15.36689 -15.27029
8 7 0
0.5 0.5 0
-0.02201322 0.1192 0.05884222
-0.08174607 -0.2397216 0.967394
255 255 255 255
-15.2704 -15.39108
8 7 0
0.5 0.5 0
-0.01931634 0.1218618 0.05915672
-0.249811 0.06963458 0.9657875
255 255 255 255
-15.27021 -15.27091
8 7 0
0.5 0.5 0
-0.01909212 0.1265623 0.05867712
0.103179 -0.05631727 0.9930671
255 255 255 255
-15.36658 -15.27083
8 7 0
0.5 0.5 0
0.0311565 0.09772412 0.05984135
0.206329 0.1608012 0.9651794
255 255 255 255
-15.27028 -15.27079
13 10 0
0.5 0.5 0
0.0299176 0.08539727 0.06259103
0.2472071 0.09781597 0.9640128
255 255 255 255
-15.40581 -15.27174
13 10 0
0.5 0.5 0
0.04411302 0.1120877 0.05938119
0.2275937 0.09976435 0.9686321
255 255 255 255
-15.26996 -15.39181
13 10 0
0.5 0.5 0
0.03791825 0.0861631 0.06430648
0.4094931 -0.09197398 0.9076653
255 255 255 255
-15.43741 -15.39344
13 10 0
0.5 0.5 0
0.04336965 0.09040714 0.05635316
0.7958099 -0.2303939 0.5600048
255 255 255 255
-15.27142 -15.50967
13 10 0
0.5 0.5 0
0.03682713 0.07997592 0.05729633
0.8904023 -0.3968682 0.2228885
255 255 255 255
-15.49639 -15.50969
13 10 0
0.5 0.5 0
0.0355452 0.07738586 0.06599087
0.2056711 0.1007958 0.9734164
255 255 255 255
-15.4944 -15.394
13 10 0
0.5 0.5 0
0.02844998 0.07738729 0.06281856
0.438896 -0.02065785 0.8983003
255 255 255 255
-15.49521 -15.27156
13 10 0
0.5 0.5 0
-0.02248993 0.1281934 0.06278715
0.01275781 -0.1227478 0.9923559
255 255 255 255
-15.36541 -15.39354
8 7 0
0.5 0.5 0
-0.02707396 0.1254363 0.0577534
-0.5597094 -0.05257023 0.8270198
255 255 255 255
-15.27068 -15.51102
8 7 0
0.5 0.5 0
-0.02681183 0.1294178 0.05771416
-0.407896 -0.02029196 0.9128029
255 255 255 255
-15.36689 -15.51116
8 7 0
0.5 0.5 0
-0.02689278 0.1398743 0.05764083
-0.3152452 0.004137366 0.9490012
255 255 255 255
-15.49566 -15.51152
8 7 0
0.5 0.5 0
-0.0225137 0.1375711 0.06271552
-0.1096228 -0.0253982 0.9936487
255 255 255 255
-15.49447 -15.39384
8 7 0
0.5 0.5 0
-0.01873969 0.137762 0.05939481
0.1328396 -0.05732332 0.9894785
255 255 255 255
-15.49521 -15.27155
8 7 0
0.5 0.5 0
-0.03310183 0.1410027 0.05722638
-0.2574767 0.008252394 0.9662493
255 255 255 255
-15.4958 -15.39073
8 7 0
0.5 0.5 0
-0.02689278 0.1398743 0.05764083
-0.3152452 0.004137366 0.9490012
255 255 255 255
-15.49566 -15.2706
8 7 0
0.5 0.5 0
-0.01807726 0.09847804 0.0644801
-0.1528332 0.03132768 0.9877553
255 255 255 255
-15.26938 -15.5134
10 0 0
1 0 0
0.0299176 0.08539727 0.06259103
0.2472071 0.09781597 0.9640128
255 255 255 255
-15.40581 -15.51289
13 10 0
0.5 0.5 0
0.0311565 0.09772412 0.05984135
0.206329 0.1608012 0.9651794
255 255 255 255
-15.27028 -15.51176
13 10 0
0.5 0.5 0
0.07823179 0.1172537 0.04774149
-0.2479187 -0.2782141 0.9279727
255 255 255 255
-14.65753 -14.86806
13 11 0
0.5 0.5 0
0.02567636 0.07616471 0.06799012
0.02722109 0.1580079 0.9870626
255 255 255 255
-15.49404 -15.39484
13 10 0
0.5 0.5 0
0.02844998 0.07738729 0.06281856
0.438896 -0.02065785 0.8983003
255 255 255 255
-15.49521 -15.51268
13 10 0
0.5 0.5 0
0.09885576 0.2216306 0.03697162
0.05314319 0.05584966 0.9970239
255 255 255 255
-15.41589 -17.79827
0 5 0
0.5 0.5 0
0.09030226 0.1955866 0.04035816
0.1128427 0.169789 0.9789985
255 255 255 255
-15.49287 -17.73652
0 5 0
0.75 0.25 0
0.06103927 0.1854481 0.04969536
0.2554332 0.1803563 0.9498555
255 255 255 255
-15.49192 -17.61276
0 5 0
0.75 0.25 0
-0.02419548 0.2139571 0.05524215
-0.06337024 -0.8333853 0.5490474
255 255 255 255
-15.4711 -16.94137
9 0 0
1 0 0
-0.02913238 0.2000001 0.05378971
-0.2264973 0.1291072 0.9654172
255 255 255 255
-15.47673 -16.94899
0 9 0
0.5 0.5 0
-0.08587141 0.1906341 0.04399371
-0.4512291 -0.1308725 0.8827597
255 255 255 255
-15.40034 -16.95549
0 9 0
0.75 0.25 0
-0.0946061 0.1858639 0.02745978
-0.7456213 -0.2877482 0.6010407
255 255 255 255
-15.47863 -16.96692
0 9 0
0.75 0.25 0
-0.08894495 0.2218603 0.03883613
-0.02556708 0.06040605 0.9978464
255 255 255 255
-15.47837 -16.96299
0 9 0
0.5 0.5 0
-0.0800053 0.1959813 0.04203608
-0.08610263 0.1718633 0.9813508
255 255 255 255
-15.47823 -16.96175
0 9 0
0.75 0.25 0
-0.04918441 0.1856384 0.05077668
-0.2151459 0.1803406 0.9597862
255 255 255 255
-15.47727 -16.95357
0 9 0
0.75 0.25 0
0.03039898 0.1388077 0.055543
0.126456 0.1491162 0.9807004
255 255 255 255
-15.49559 -15.27075
11 7 0
0.5 0.5 0
-0.08894495 0.2218603 0.03883613
-0.02556708 0.06040605 0.9978464
255 255 255 255
-15.41714 -17.79873
0 9 0
0.5 0.5 0
-0.0800053 0.1959813 0.04203608
-0.08610263 0.1718633 0.9813508
255 255 255 255
-15.49383 -17.73706
0 9 0
0.75 0.25 0
-0.04918441 0.1856384 0.05077668
-0.2151459 0.1803406 0.9597862
255 255 255 255
-15.49254 -17.61328
0 9 0
0.75 0.25 0
-0.01873969 0.137762 0.05939481
0.1328396 -0.05732332 0.9894785
255 255 255 255
-15.49521 -15.51266
8 7 0
0.5 0.5 0
-0.01909212 0.1265623 0.05867712
0.103179 -0.05631727 0.9930671
255 255 255 255
-15.36658 -15.51179
8 7 0
0.5 0.5 0
0.04184029 0.1996259 0.0531126
0.3317373 0.1991713 0.9221069
255 255 255 255
-15.47643 -16.94643
0 5 0
0.5 0.5 0
0.03777541 0.2138486 0.05462713
0.06183671 -0.8708727 0.4876033
255 255 255 255
-15.47084 -16.93913
5 0 0
1 0 0
0.09674003 0.1901415 0.04220016
0.547414 -0.1566448 0.8220708
255 255 255 255
-15.3994 -16.94893
0 5 0
0.75 0.25 0
0.1012526 0.1853199 0.02549942
0.8379561 -0.360276 0.4099156
255 255 255 255
-15.47781 -16.95991
0 5 0
0.75 0.25 0
0.09885576 0.2216306 0.03697162
0.05314319 0.05584966 0.9970239
255 255 255 255
-15.47758 -16.95625
0 5 0
0.5 0.5 0
0.09030226 0.1955866 0.04035816
0.1128427 0.169789 0.9789985
255 255 255 255
-15.47751 -16.95564
0 5 0
0.75 0.25 0
0.06103927 0.1854481 0.04969536
0.2554332 0.1803563 0.9498555
255 255 255 255
-15.47681 -16.94961
0 5 0
0.75 0.25 0
925 # faces
0 2 1
2 3 1
1 3 4
3 5 4
6 8 7
8 9 7
9 10 7
7 10 11
10 12 11
11 12 13
13 12 14
12 15 14
14 15 16
15 17 16
17 18 16
16 18 19
19 18 20
18 21 20
20 21 22
21 23 22
23 24 22
22 24 25
26 28 27
27 28 29
30 32 31
32 33 31
31 33 34
34 33 35
35 33 36
36 33 37
37 33 38
33 32 38
32 39 38
38 39 37
37 39 36
36 39 35
35 39 34
34 39 40
39 32 40
32 41 40
40 41 34
42 44 43
43 44 45
45 44 46
44 42 46
47 49 48
48 49 50
50 49 51
51 49 52
52 49 53
53 49 54
54 49 55
55 49 56
56 49 57
49 47 57
57 47 58
47 59 58
59 50 58
50 51 58
58 51 60
51 61 60
61 62 60
60 62 58
62 63 58
58 63 64
64 63 65
63 62 65
62 66 65
67 69 68
68 69 70
70 69 71
69 72 71
71 72 73
72 74 73
74 67 73
67 68 73
73 68 75
68 76 75
76 77 75
75 77 73
77 78 73
73 78 79
79 78 80
78 77 80
77 81 80
80 81 79
79 81 82
81 77 82
77 76 82
82 76 79
76 83 79
79 83 73
73 83 71
84 86 85
86 87 85
85 87 30
30 87 32
87 88 32
88 84 32
32 84 41
84 85 41
41 85 89
89 85 42
42 85 46
46 85 45
45 85 90
85 30 90
30 91 90
90 91 45
45 91 43
43 91 42
42 91 89
89 91 41
41 91 34
91 30 34
34 30 31
92 94 93
93 94 95
95 94 96
96 94 97
97 94 98
98 94 99
99 94 100
94 92 100
92 101 100
101 102 100
100 102 103
102 93 103
93 95 103
103 95 104
104 95 105
105 95 106
106 95 107
95 96 107
96 97 107
107 97 108
108 97 105
109 111 110
111 112 110
110 112 113
113 112 114
112 115 114
114 115 109
115 116 109
109 116 111
117 119 118
120 122 121
123 119 117
121 125 124
126 123 117
124 128 127
129 126 117
127 130 120
131 133 132
132 133 134
133 135 134
135 136 134
134 136 137
136 131 137
137 131 138
131 132 138
83 76 71
71 76 139
76 68 139
139 68 140
68 70 140
70 141 140
140 141 139
139 141 142
141 143 142
143 144 142
142 144 139
144 145 139
139 145 71
71 145 70
145 144 70
144 146 70
70 146 141
141 146 147
146 144 147
147 144 148
144 143 148
143 141 148
148 141 147
65 66 64
64 66 149
66 62 149
62 61 149
149 61 64
61 150 64
64 150 58
58 150 57
150 61 57
57 61 151
61 51 151
51 52 151
52 53 151
151 53 152
152 53 153
53 54 153
54 55 153
153 55 152
152 55 151
55 56 151
151 56 57
105 97 104
104 97 103
97 98 103
98 154 103
103 154 100
100 154 155
154 98 155
155 98 156
156 98 157
98 99 157
99 100 157
157 100 158
100 155 158
155 159 158
158 159 157
159 160 157
157 160 156
156 160 155
160 159 155
105 161 108
108 161 107
107 161 162
161 105 162
105 163 162
162 163 107
107 163 106
163 105 106
164 126 129
165 167 166
168 170 169
167 172 171
173 170 168
172 175 174
176 173 168
175 165 177
178 173 176
179 173 178
180 179 178
181 183 182
183 181 184
184 186 185
186 184 181
187 189 188
185 191 190
191 185 186
192 194 193
195 192 193
196 198 197
199 192 195
198 201 200
2 191 3
190 191 2
202 204 203
204 205 203
205 206 203
207 209 208
210 209 207
211 213 212
203 214 202
215 217 216
217 218 216
218 219 216
220 213 211
221 223 222
224 223 221
225 227 226
228 230 229
229 230 231
231 230 232
232 230 233
233 230 234
234 230 235
230 228 235
235 228 236
228 237 236
237 231 236
231 232 236
236 232 238
232 233 238
239 241 240
240 241 242
242 241 243
244 227 225
245 247 246
241 239 248
249 251 250
252 247 245
253 252 245
254 252 253
255 252 254
253 255 254
256 255 253
257 255 256
258 260 259
261 255 257
262 255 261
263 255 262
252 255 263
264 266 265
247 252 263
265 268 267
211 269 220
270 269 211
271 273 272
272 273 274
274 273 275
276 278 277
279 278 276
280 279 276
281 279 280
282 284 283
283 284 285
286 288 287
287 288 289
288 290 289
289 290 291
290 292 291
291 292 293
292 294 293
293 294 295
296 169 297
297 169 298
299 301 300
301 302 300
300 302 303
304 297 298
297 304 305
305 307 306
307 305 304
306 309 308
309 306 307
310 169 311
311 169 296
312 314 313
313 314 315
314 316 315
315 316 313
316 312 313
317 319 318
318 319 320
320 319 321
321 319 322
322 319 323
319 317 323
324 326 325
325 326 327
327 326 328
326 324 328
329 331 330
330 331 332
331 333 332
333 334 332
332 334 335
334 329 335
335 329 336
329 330 336
337 339 338
339 246 338
246 247 338
247 263 338
263 340 338
340 341 338
338 341 337
341 342 337
337 342 339
339 342 343
343 342 340
342 344 340
340 344 341
341 344 345
344 342 345
345 342 341
227 346 226
226 346 347
348 350 349
349 350 351
350 302 351
351 302 301
352 354 353
354 355 353
355 356 353
356 357 353
357 358 353
353 358 359
360 362 361
362 363 361
361 363 209
209 363 208
363 364 208
246 339 245
245 339 365
339 343 365
347 367 366
367 347 346
368 367 369
367 368 366
369 27 368
27 369 26
370 371 223
223 371 222
371 372 222
222 372 373
374 376 375
375 376 377
376 378 377
378 178 377
377 178 379
178 176 379
380 382 381
381 382 383
384 386 385
385 386 387
386 388 387
388 389 387
387 389 385
390 281 280
391 393 392
394 391 392
395 397 396
398 391 394
397 400 399
213 401 212
401 213 402
402 403 401
403 402 404
405 404 406
404 405 403
407 394 408
394 392 408
408 392 409
392 410 409
409 410 312
312 410 314
410 411 314
314 411 316
411 412 316
413 415 414
415 416 414
416 417 414
414 417 418
419 421 420
421 422 420
420 422 423
422 211 423
424 426 425
426 427 425
427 428 425
425 428 429
429 428 430
428 427 430
430 427 431
431 427 432
427 433 432
433 429 432
432 429 434
429 430 434
430 435 434
434 435 432
435 436 432
432 436 431
431 436 430
436 435 430
437 439 438
438 439 440
439 441 440
440 441 442
441 443 442
442 443 444
443 437 444
444 437 438
245 365 253
365 445 253
445 446 253
253 446 256
446 447 256
447 448 256
256 448 257
257 448 261
261 448 449
448 447 449
449 447 450
447 451 450
451 452 450
450 452 453
453 452 454
454 452 455
452 456 455
455 456 398
456 457 398
457 458 398
398 458 391
391 458 412
458 459 412
412 459 316
459 312 316
460 462 461
462 463 461
461 463 464
463 465 464
464 465 466
466 465 467
465 460 467
467 460 461
468 470 469
469 470 471
471 470 472
470 468 472
468 473 472
472 473 471
471 473 474
473 468 474
234 235 475
235 236 475
475 236 238
476 478 477
479 481 480
482 484 483
483 484 485
484 486 485
486 487 485
485 487 483
487 488 483
483 488 489
489 488 490
488 487 490
490 487 491
487 492 491
492 493 491
493 328 491
491 328 494
328 324 494
324 325 494
494 325 491
325 495 491
491 495 490
496 498 497
497 498 499
498 500 499
500 501 499
499 501 502
501 496 502
502 496 503
496 497 503
504 506 505
505 506 507
507 506 492
492 506 493
493 506 328
328 506 327
327 506 325
325 506 495
495 506 490
506 504 490
490 504 489
504 508 489
508 507 489
507 492 489
489 492 509
492 487 509
487 486 509
509 486 489
486 510 489
489 510 483
483 510 482
510 486 482
486 484 482
511 513 512
513 514 512
512 514 515
407 398 394
514 517 516
517 518 516
516 518 519
408 398 407
518 521 520
520 521 522
523 525 524
525 526 524
526 527 524
524 527 528
528 527 529
529 527 530
527 531 530
531 532 530
530 532 525
532 533 525
525 533 526
533 534 526
526 534 527
534 531 527
455 398 408
535 455 408
536 538 537
538 539 537
539 540 537
537 540 541
541 540 542
540 543 542
543 544 542
542 544 545
544 546 545
546 547 545
545 547 542
542 547 541
541 547 548
547 546 548
546 549 548
549 550 548
548 550 536
550 551 536
536 551 552
454 455 535
553 454 535
554 556 555
556 557 555
453 454 553
558 560 559
559 560 561
560 562 561
563 453 553
564 453 563
565 567 566
566 567 557
568 453 564
450 453 568
569 570 555
555 570 554
554 570 552
449 450 568
571 449 568
570 569 572
572 569 573
574 576 575
576 577 575
575 577 578
577 579 578
578 579 580
579 581 580
580 581 574
581 576 574
582 584 583
585 449 571
583 587 586
587 588 586
586 588 540
540 588 543
588 589 543
543 589 544
544 589 546
546 589 590
590 589 591
591 589 592
589 588 592
588 587 592
592 587 593
587 594 593
261 449 585
553 409 595
596 598 597
598 599 597
597 599 600
599 601 600
408 409 553
535 408 553
602 604 603
604 605 603
606 607 417
608 610 609
610 611 609
609 611 612
611 613 612
612 613 614
613 615 614
614 615 616
615 617 616
618 620 619
619 620 621
620 622 621
622 623 621
621 623 624
623 625 624
626 628 627
627 628 629
393 391 412
630 631 629
410 393 412
631 633 632
392 393 410
634 636 635
636 634 637
635 638 634
638 635 639
221 639 224
639 221 638
640 642 641
643 645 644
641 647 646
648 650 649
649 650 651
650 652 651
651 652 653
652 654 653
653 654 655
654 656 655
656 657 655
657 658 655
658 659 655
655 659 653
659 660 653
653 660 651
660 649 651
523 529 525
525 529 530
661 663 662
662 663 664
664 663 665
665 663 426
426 663 427
427 663 433
433 663 429
663 661 429
661 666 429
666 667 429
429 667 425
667 662 425
662 664 425
425 664 424
424 664 468
468 664 474
474 664 471
664 665 471
665 426 471
471 426 469
469 426 468
468 426 424
668 670 669
669 670 671
670 672 671
671 672 673
672 478 673
673 478 476
591 592 674
592 593 674
675 643 644
676 643 675
558 596 560
596 597 560
560 597 562
597 600 562
677 419 678
421 419 677
602 603 565
565 603 567
679 421 677
569 603 573
680 679 677
681 251 682
251 683 682
682 683 684
683 685 684
684 685 480
685 479 480
640 641 686
641 687 686
686 687 688
688 687 689
689 687 690
687 641 690
690 641 646
478 672 477
477 672 691
672 670 691
691 670 692
670 668 692
692 668 669
480 481 684
481 693 684
684 693 682
693 250 682
682 250 681
250 251 681
539 538 694
538 695 694
694 695 696
410 412 411
697 699 698
698 699 700
699 701 700
701 702 700
702 703 700
703 704 700
700 704 698
624 705 621
621 705 619
706 680 677
707 680 706
708 680 707
709 708 707
710 712 711
713 715 714
716 715 713
717 718 716
713 717 716
719 717 713
536 537 548
548 537 541
720 719 713
714 720 713
721 720 714
722 724 723
724 725 723
726 728 727
729 722 723
730 729 723
731 729 730
647 733 732
642 733 647
734 736 735
737 739 738
738 739 740
739 741 740
741 742 740
742 743 740
743 744 740
740 744 738
745 736 734
746 745 734
747 745 746
748 745 747
749 745 748
736 745 749
750 736 749
603 605 573
567 603 569
600 602 565
562 600 565
593 596 558
674 593 558
642 647 641
751 642 640
733 642 751
752 733 751
629 753 627
632 753 629
396 755 754
399 755 396
629 631 632
628 630 629
600 604 602
601 604 600
594 598 596
593 594 596
584 587 583
756 570 572
552 570 756
567 569 555
557 567 555
562 565 566
561 562 566
674 558 559
551 556 554
552 551 554
552 538 536
756 538 552
519 518 520
515 514 516
396 397 399
757 395 396
754 757 396
758 757 754
273 271 759
760 273 759
761 273 760
275 273 761
268 763 762
267 268 762
266 268 265
764 266 264
765 764 264
259 764 765
260 764 259
766 260 258
764 260 766
767 764 766
266 764 767
768 266 767
268 266 768
763 268 768
769 241 248
243 241 769
216 770 215
771 770 216
772 771 216
219 772 216
773 214 203
774 773 203
206 774 203
200 776 775
201 776 200
197 198 200
777 196 197
778 196 777
189 778 777
188 189 777
779 187 188
777 779 188
780 779 777
197 780 777
781 780 197
200 781 197
775 781 200
174 175 177
171 172 174
166 167 171
177 165 166
128 130 127
125 128 124
122 125 121
130 122 120
723 725 730
